-0.22540521324888144;-0.07304455035580006;-0.15868169577892915;0.12060301634078621;0.13381633182743216;-0.061724448500369115;-0.0677646842374757;0.035643026143770046;-0.10141889329275294;-0.28003757661841944;0.7687805025844107;-0.01730653105068896;-0.3275803736761767;0.0976301600792689;-0.01428582301560893;-0.06430385544292251;-0.04315826169713153;0.13171268191653981;-0.08561071191472143;0.048606861817581094;-0.04247133706020063;-9.767510053701424E-4;0.14210133403291209;0.037013464324398206;0.1281158812020235;-0.037929851118356554;0.00989809691332007;-0.003251445565182356;0.031245647044623903;0.06431140996546228;
0.5215336967135593;0.0976101139224161;0.024915868860341698;-0.05619927784862606;-0.35494613673551456;0.1741541851699173;0.11922573433142429;-0.018175054996795142;0.17488128843306433;-0.5211700942038691;0.08335455623639401;0.028122872287014922;0.15053609842416754;0.2135662930106365;0.051145600772549114;-0.04999344431601845;0.016462477120741864;-0.03310563392516076;0.021509578840382106;-0.06390425586199323;-0.1733040868408399;0.22028551810691166;0.03095030725611052;-0.06194386601845561;0.21757027863068387;-0.13648313469260628;-7.072093220527173E-4;0.001730785946325996;0.0629296378221699;0.03619607774764199;
0.22672768784724573;0.10764758384861338;0.1567183453338592;-0.024125125645745146;0.5136452597012389;-0.313926175266058;-0.082272242872251;0.38332858094224387;0.06198593025545142;-0.2531608655175276;-0.26132006570423955;-0.058877571379093316;-0.17230023968848562;0.25474785957467655;0.21556958169482418;-0.00897883091875447;-0.18767185227872277;-0.03696516130194751;-0.12423395608872731;0.13646583697520964;-0.05781261770987842;-0.14740661145436715;0.0739620986694421;-0.004418419282771765;0.007622930174215196;0.08372539770904754;0.044755999336781475;-0.03838856963985865;0.02657169079155292;0.049951792693603815;
0.4504139106789188;-0.04480841917560727;0.014312546330416943;0.1572530748610251;0.4844869008457833;0.18315745807665676;0.17255569265997142;-0.22872711694989487;0.08561800115919836;0.12757879276293832;0.1192675593866105;0.05881994422105835;-0.15900784744674742;-0.4801888297115705;0.16301804604766995;0.016885919143737875;0.004974097894221699;0.008692858458140119;0.11405797212287674;-0.04610998528216552;0.11832240258175628;0.2216247534470812;0.06914573548988698;-0.01785782844176233;0.052119452136452124;-0.037049784546152195;-0.08468117712991247;0.024626841121919124;-0.020806563801769564;0.007167624999523641;
-0.06373455522122799;0.16450909742519806;0.1965090296117149;0.023717566693620185;-0.13812621370740913;-0.08931966325777614;-0.030466340392155775;-0.469307473517763;0.15001552211889962;-0.2349792805781401;-0.2005766107037035;-0.14817984505950388;-0.26225334925084054;-0.18419352427927257;0.01925773147445759;-0.03565908977360198;-0.043685215293017235;0.3105647246690002;-0.09642413600613971;-0.07056707266176686;0.03624325338211058;-0.41254004376974784;0.23370266939534035;0.015981687455206322;-0.09256573462201395;-0.2828753679519868;0.029744207961376723;0.0540863254870124;0.030053894928456205;0.06996827649701441;
0.21835763622621282;-0.056129208501799165;-0.2923694156593004;-0.1016584351196103;-0.17248260382096472;0.13169140580398392;0.01470861221937556;0.15690681678605783;-0.009423426685512692;0.35331890784822834;-0.12417335822906955;-0.11214576491831225;-0.3807260116993314;0.16271987630344256;-0.16006842186573786;0.10757662517159775;0.0028428761061405202;0.01967699854830959;0.20779317301500966;0.0818368015544012;-0.024861538556951918;-0.15244010867100743;0.49807350922808163;-0.07782273011771544;0.2876444082147946;0.01706887301806264;0.0439618083956841;-0.019207710428244578;-0.07746797205825161;0.017000475632883854;
0.029167038079476182;-0.044769198219011784;0.3674871155346831;0.088874063039993;0.018175120384368606;-0.05337396289643363;-0.05299285845463312;-0.20218883809377036;0.2202289078580074;0.34328566938228416;0.18824218456429279;-0.035449913914307796;0.33022106857834727;0.31694759886387897;0.14868491190819288;-0.10475702126805658;-0.24182729229369965;0.3450519255027228;-0.01869180622169673;-0.04468625397457672;0.049781000917952484;0.04017331233286275;0.2028765747437502;0.03579605320800907;0.22471937114372656;0.26357466240450206;0.04057294989880672;0.02584991030760234;-0.021741825892134692;-0.1119554423365998;
-0.19369217985358914;0.09987944374076076;0.37933561858538956;-0.21453567345808275;-0.07794193356835502;0.3066968888553336;-0.1505615532450735;0.4970139920764487;0.23488767575995662;0.12064312257206947;0.08506165258471206;-0.06058497280523511;-0.06364489490914939;-0.32985444850460444;0.12268897691772161;-0.24212310937307396;-0.0032964564140725095;0.05570910989883278;0.032399977721868735;4.6965482137159716E-4;-0.19056123573753056;0.06035184849576612;0.07181458834741776;0.019133401115666547;0.05621716317004157;-0.2519317198773327;-0.06171303061366168;-0.06787105094701344;0.025742319930294716;-0.015544214962994664;
0.1656814693030817;-0.19908840881107;0.40877968960655753;-0.06020578588947864;-0.19312223550935104;0.05163177282927821;0.15087885825589664;-0.08168176566888573;-0.30527550064226394;0.15569085535250474;0.04489128660329446;0.17208093707744926;-0.46417315522039515;0.18289540703947063;0.1834191438762178;-0.09966587055782361;0.045343086862968;0.03283282146803853;0.08088130223879827;0.09581321190891365;-0.05754178467813163;-0.1274348001101399;-0.44937520672244885;-0.008658828209392127;0.027967258805294177;0.04325289925321895;0.05255734015803722;0.01183004590490705;-0.025298606907600947;0.06805462832607231;
0.36903716158792965;-0.0064025875769827935;-0.04917354115619956;-0.11371685225606021;-0.1328873380869713;-0.5347610600609272;-0.2072371368567451;0.1230894092544206;0.21636872357038645;0.15051979420875206;0.259683571477257;-0.044782596180198544;0.0708550570850906;-0.1351000696647287;-0.17340719982975364;-0.1334281526709582;0.2634991980563289;0.17211383731069238;0.17281133585755024;0.14727327334184953;0.11613824942438175;-0.10625939599660723;-0.1530307661424172;-0.14777584595215154;-0.21545573426155237;-0.08033901827734134;-0.00530135400291151;-0.01911253012721789;0.007773315456675713;-0.05160707991310715;
0.08647344622602361;-0.21767171463574886;-0.1783852297305464;0.13541746898176804;-0.11302165664164414;-0.09120600617093813;-0.13784884834039643;0.06784583212529463;-0.1449759376550889;0.030209045723047202;0.00861285876246923;-0.054506888285033195;0.20572717899296766;-0.23691045602655625;0.5033897304313335;0.3012618065844127;0.20428567028582578;0.1455785440454102;-0.13833608504403075;-0.007669759115251823;-0.42006073749272815;-0.25623792971563;-0.014094023657701498;0.1388474005729138;0.17682831584079264;0.02383486468559513;0.0038825848574876786;-0.011349269107825296;-0.07303168150670189;-0.040951457765555296;
0.03557522771954039;0.18778800706886106;-0.020693550582426973;-0.03429457485939053;0.22299909068090132;0.3429896064558432;-0.04659833722052686;0.046030432772656345;-0.1903120322040229;-0.2003221320874205;0.005505384587553613;-0.1618180651984228;0.18028042218213572;-0.06340852002583304;-0.20405587037789463;-0.17228596847642486;0.2013301246563828;0.25473983119017474;0.3236728827413364;-0.042699510974853486;0.006067939525759846;-0.3974642039757354;-0.17825126938352978;-0.07202611826339073;0.16976102968805787;0.3575467336188234;0.06954938465231963;-0.007931982335369212;0.10376193087802303;-0.022013426020751382;
-0.0447894036271751;-0.11882565875492408;0.08815148046326692;0.38232785518213286;0.13367412831745748;0.11915265377566883;0.03889626213448504;0.14266640313140921;0.3667261314111353;0.03294304885193341;0.05990109764397855;0.06150040090578764;0.04246874043685934;0.21702840337962576;-0.16200007272251027;0.3672992027023417;0.029524393546589266;-0.05751331719469528;0.22921061425413947;-0.17861151505484388;0.0772789181532494;-0.26417655725039507;-0.24813549455869624;0.08024762373899356;0.0851993247331057;-0.3925192816757266;0.11181091276049093;-0.02689921378187894;-0.12576127647912763;0.01524015384720661;
0.061378917141888305;-0.3428302567715833;0.17025563848621214;-0.01623291887753328;-0.0033785391254393814;0.10231730962703757;-0.3208218636135503;0.12558569588179103;-0.24146753619511774;-0.1993338956388293;-0.13668710263932413;0.10747952061213437;0.0032222849997294526;-0.047790945483179116;-0.23511940182591362;0.35062267492751437;-0.12892124049083373;0.48580034472203326;0.06653928214730703;0.005256656551140168;0.07374058278815288;0.2836115728132852;0.08416554723022855;-0.10218527036202733;-0.17137572266029677;-0.0092151093188463;-0.08161751885238673;-0.02481718071592784;-0.07878327367634881;0.08982220090467789;
0.0671003171426753;-0.4072541879819329;-0.06827618676150775;-0.3817154531847024;0.10105307736477626;-0.02523226607534582;0.29700064747662824;0.07301032125560879;-0.08646658752987459;-0.011388137078296957;0.07006642613717151;0.2089550065554105;0.21544585339431555;-0.11573301841046332;-0.127214446373749;-0.10780947507024341;-0.3010125200700485;-0.0018009123658838933;-0.23698414084047686;-0.19713297736666896;0.06543556276264936;-0.34092067524916897;0.02801184951737318;-0.22114534979266975;0.10429635644066801;-0.19914754349075292;0.06246955530714332;-0.015855407440147875;0.08894718555870434;-0.1124883202953087;
0.010696668139278243;0.08917037977765664;-0.0906225565899127;-0.09531430739488003;0.16121980787103857;-0.1357213894963649;-0.4407762024206195;-0.1520480629803529;-0.28412201172640916;0.1191667395372088;-0.11699052951052506;-0.12900465911398012;-0.01747323633026179;0.12564216515428084;0.017435684306543686;-0.1753062562961589;0.028056608031035806;-0.012943155655846703;0.023578557798165953;-0.3428768559086087;0.03140411238576736;0.1965542006888773;-0.17832838059665065;-0.04022487116200966;0.4086551978464399;-0.41328560854226865;-0.022146148267937395;0.036184662208332045;0.05854080715920218;-0.07276752241941747;
-0.10865822221534831;-0.01520718214503874;0.24387064486793225;0.11631202698963738;0.012788307501465907;-0.2754819967291607;0.028956017592366358;-0.10524191481846466;0.06915930543389419;-0.057283219619438885;-0.08452724582315807;0.1311947360487073;-0.011595765073972758;-0.2655487563460178;-0.4425770392555542;0.08116160834191896;-0.006435709895774427;-0.15034374471791737;-0.05793129319071317;0.2791880270654171;-0.3003507334719035;0.050539034099868554;-0.048454688529979736;-0.1040593869485793;0.5307096790853344;0.12280822578995754;-0.10225477233130703;0.025724105068420388;-0.035224412740215955;0.049782158514862035;
0.2370122121816976;0.14099286278464476;0.06861688119208523;0.16690613231469278;-0.19165767754598675;0.13439738189670564;-0.19684519927141206;0.06749250076237685;-0.13783221266094875;0.07346575908044656;0.1663699093627716;-0.46477953567288055;0.011534804683471395;-0.16277604806611565;-0.10600214333994579;0.13915522835928218;-0.43750632528821365;-0.23352234478928444;-0.30713736244462564;0.012988576921287296;0.1679952148102499;-0.13819484846037505;-0.18281374735747621;-0.10798369223647092;-0.017671538707649485;0.0866338926689516;-0.009343344701965451;-0.01858847958872389;-0.15770825861062826;0.04458193490672039;
0.07413376983040665;-0.19427162752978014;0.14574151596811685;0.4131232088939091;-0.08425998803234544;-0.12114256834568543;0.028166328299091655;0.05798308408172379;-0.29097555936372266;-0.036642568278943;-0.027270244677279815;-0.10824668812783064;0.07536711763249676;-0.05337582480150386;-0.08980522886154808;-0.22341908422724502;-0.19237151975907543;-0.19807277833723289;0.3458485747122695;-0.0189688338850091;-0.17790136755197045;-0.03823769159165719;0.23416293389591086;0.170491593326018;-0.18486908434368748;-0.1125138472908323;-0.006149805228778469;-0.016750549833397826;0.36862647099838297;-0.2787091704024664;
-0.08843059542536526;-0.39057076732396784;0.2370707714526364;-0.28706684223826273;0.04415287082842181;-0.06373404959690593;-0.17209079348690418;-0.16243608871796267;0.08017486234494654;-0.16771773319209396;0.08150697191005281;-0.28122155443825686;0.056709561063400894;-0.008270511786698478;0.130441124823216;0.06234751227039453;0.154707385378344;-0.44070076064243596;0.2996914137619123;-0.14937433516994922;0.08492987938802563;-0.04296220111310147;0.17934190999371077;-0.06728022478126214;-0.007794921726009927;0.15338036199075597;0.017228704052468142;0.05390104191893737;-0.15357412667177858;0.26103269584490507;
-0.013802293565526959;0.22586453438518606;-0.09356217591135632;-0.11203181531506962;0.09165910420098074;-0.11077901445867012;0.1228530151104187;-0.08552341872888879;-0.03693480311928411;0.10308547975362943;0.08453244006571355;-0.0099679938640691;0.015379958850909217;0.025725656371966735;-0.06246917438472301;0.012529515588531142;-0.3348970106035043;0.07450687866768657;0.2923063312173805;-0.25581780210899113;-0.5948884780425141;0.03480042037478892;-0.06826625188987226;-0.16159279033754373;-0.2554428236882939;-0.008460194930730724;-0.004549969510283215;0.028560481367019663;-0.31626777235597087;0.19890286489609404;
0.008737238258084697;0.17333664443872876;0.1677980991763597;0.115556018789431;-0.05379616012886345;-0.20471440972620092;0.3727652134471716;0.2108339311333472;-0.38130884451619945;-0.0062258654037251875;0.017681211716896544;-0.04182781099107969;0.21426254091570868;-0.049499608579758506;-0.005692800211525116;-0.1009644109401899;0.16642848222276274;0.08893266940326942;0.02085942034228954;-0.0691797408980634;0.2692450911888781;0.015430947711645809;0.1963666707491382;0.18126782651939724;0.12312015073988988;-0.17070016176614722;-0.041678749776333505;-0.0824252120587322;-0.38886257395992596;0.32412954105771624;
-0.12425730203890689;0.1815815378731191;0.13046559567208854;-0.28151293829048823;0.06464518386204929;-0.07180232597779171;0.3061986555550822;-0.04710465379043882;-0.13990863318989952;-0.032336003066431626;0.10588290533536202;-0.33666978884414234;0.04169880046525426;0.04406149578355898;0.11996438735548907;0.4450234478955409;0.009486656543400753;0.05703802004332114;0.1912100314312549;0.2674298867424509;0.04847273820237635;0.10422911488625318;-0.031149448177220446;-0.16374284883001114;0.045355608282646155;-0.18952353701503014;-0.04900669822000463;0.021144565953571306;0.08925304877349514;-0.43301418080768567;
0.02946907857711727;-0.021607599854145166;0.2030511132556353;0.15733136435256453;0.047811885666998205;-0.03275535175438195;0.17011742788371828;0.09814683564769283;-0.008977676625188466;0.07324908212221286;0.011338513994852435;-0.20267136747209644;-0.14508443488558848;0.08410009631397002;-0.17176104068375275;0.06882650186611153;0.43019551713588255;0.013018238878859606;-0.36044467630090704;-0.4890855083402676;-0.17428869414727566;0.08994835648600694;0.1065369330573068;-0.3231177675960548;-0.13022336696589357;0.14665176672651978;-0.005148751228460327;-0.04595190658688368;0.09285157746952732;-0.15469039212007699;
-0.022408117905440946;-0.3281178365484784;-0.10532390859789541;0.11791380560545212;0.1641018993942767;0.17110724353764883;0.12272368213690746;-0.09410974049258947;0.0431549562585027;0.06177381264110115;-0.11057808359429869;-0.42599208469319383;0.12869672491997078;0.15537505040117133;-0.07029235386718358;-0.30226995578946275;0.1167337450314956;0.1235985620178627;-0.1590138286387109;0.43432653015643846;-0.19074559355987658;0.10669281950557802;-0.08135859345718716;-0.14012176461187054;-0.08654355206117115;-0.2574790284150098;0.09732096564291627;0.06273048151193916;-0.09367370761231678;0.19368022237265764;
-0.07153503005724596;0.16010216102131708;0.06391760885167752;0.24228539498804602;-0.021983405430780197;0.08015506747355781;-0.18392249208428088;-0.026080652104720256;-0.1458312246630479;-0.013779665480554678;0.027602796304390734;0.3331878370104849;0.11016996149948016;-0.005252448447122542;0.21529887208336235;-0.04509437905092572;0.059587303066074605;-0.14647613381427935;0.0575230643798993;0.17807366229806304;0.06609777730530478;-0.06710789504779006;0.18748543517437738;-0.6641902458210968;-0.040129724406876;-0.1035282563825762;0.30416447563879;0.021673158726480585;-0.1354498325674001;-0.049030461225988954;
0.10170304099221557;0.011953730135194964;0.08568303388206715;-0.15312071286621945;0.06732516427109367;0.031862263004392634;-0.08215305787714436;-0.052391414231546175;-0.05186536093104546;-0.056937488324229;0.032074917793148215;0.02814564842325179;-0.03367230164210178;-0.07544333099661606;-0.1931391458998186;-0.016403904452809155;0.07552849170895935;-0.052172841049955045;-0.10653292735362918;0.01971252448829131;-0.0969906654189385;0.09173232683947899;0.06070581154973856;0.3609085981637964;-0.05844875459596772;0.0064014937850019864;0.6930746811088999;0.0690458835336877;-0.33600087285813673;-0.34370582109544545;
0.03049603152520297;-0.0757447421121138;-0.0030008316258166843;0.03252343888296349;0.04133723440768301;0.0976706770980831;-0.09218408232722786;-0.041605043663605644;0.0070030292686798735;-0.12362560902691336;-0.018861819873932824;0.08258540760913678;-0.03471640829656611;0.11740618934737725;-0.029458898475570372;-0.19548051194367916;0.06563966143893424;-0.0669755306760739;-0.02876370270438636;0.04601672065422612;-0.015174250719203239;-0.1441829039212359;0.04287449766730638;0.01873638141852123;-0.06378919406631296;-0.008829396178703477;-0.5636769627882197;0.07763239446279649;-0.5470285670184349;-0.481785414175112;
0.04400571200959744;0.06450759391488231;0.048454144251357335;-0.00712492691166936;0.00884682985068258;0.02287599600811376;0.0010368587624207152;0.13003464835290604;-0.05438099825438941;0.05446318995330798;0.04534161412968585;0.04873096860929556;0.043882779982469845;0.016304653202619365;-0.03741193929391669;0.06384543360230467;0.04049523116197784;-0.010134186172553477;-0.04818250598323984;-0.009738688864758482;-0.0011697139734944317;-0.043644179074699405;0.04567427668423259;0.04146491746768056;-0.03414987910078362;-0.03274156461822351;-0.05280154840307877;0.9606489541892453;0.09859565323995215;0.09222871431512751;
-0.18257418583505491;-0.18257418583505536;-0.18257418583505486;0.18257418583505516;-0.1825741858350553;-0.18257418583505514;0.18257418583505491;0.18257418583505552;0.18257418583505558;-0.1825741858350553;-0.18257418583505536;-0.1825741858350557;-0.18257418583505552;-0.18257418583505525;0.18257418583505408;-0.1825741858350555;-0.18257418583505536;0.1825741858350551;0.18257418583505472;-0.18257418583505622;0.18257418583505508;0.18257418583505547;-0.18257418583505486;-0.1825741858350536;0.18257418583505525;0.1825741858350556;0.18257418583505536;0.1825741858350567;-0.1825741858350556;-0.18257418583505544;
