0.13913490546564827;-0.04285530312270761;0.2773890699138728;-0.21607539795721165;-0.26364464753443584;0.13479924054885978;0.1535455578095156;0.20128042686306877;0.16999805580368094;0.13953625072648426;-0.20319370741871587;0.17091469121546488;0.26303933177564925;-0.22075337998704947;-0.3591231193447363;-0.11940251392687676;-0.17011045827475357;0.12387064060129209;0.14043644989350287;-0.05434316023861598;-0.11848153120208402;-0.15508379779684714;0.26599585236987544;0.10728161066169153;0.08773189855667;-0.05437670527593403;-0.16042439597334898;0.17177768362488532;0.1631495468464736;0.2087122046680624;
-0.004809452668286866;-0.18566402439280252;0.08194685729682989;0.0397284686019155;0.20495789169391684;0.1384643969747268;-0.04394804018580296;0.32961032981305494;0.16672153902971784;-0.21810845679787325;0.3387421698609448;-0.22885906264507913;-0.1785010419798953;-0.14037361760632477;0.2850851663709748;-0.04373472649476833;0.1597010693373491;-0.2243984428354706;0.11843621222040228;0.10502665701120026;0.06034616970757746;-0.24110793214865486;0.3319503806713369;-0.00922362345551582;-0.002837611223953567;0.1021113420819719;-0.06136621599998204;0.14939533023286108;0.06100098110204409;0.3082296127992511;
0.1360396526174006;0.12563363013263584;0.27967444342285125;-0.0029693132254342805;0.1070942928783289;-0.39172098283522777;0.384240330633802;0.21416150317880403;0.18503034942178329;-0.08733904271570683;0.13254396797267168;-0.08248995928690758;0.204085469820702;0.04829361255560883;0.06794738864570465;-0.09634948230278587;-0.08251735133124419;-0.08035263438993177;0.17791708478261145;0.08665486403351681;0.17263218013966203;0.30814238134130784;-0.15990466231979825;0.05383259639610894;-0.2632019221979229;0.1386306592438846;0.08971433545238024;0.09623618481685882;0.21016704152125845;-0.22207704937410133;
-0.29499775749873874;0.12654770306709034;-0.032994808110657504;-0.3295052366713255;0.3200520446400995;-0.024209344514235443;0.0027392868119484525;0.08565620301348782;-0.08204547219574368;-0.004756245882683653;-0.10718947776534254;-0.03588453338256379;0.03162838872459192;-0.2896011535327857;-0.19983296111679133;0.34886026913858614;-0.17293793033844235;0.09897448707405901;0.024942643654597776;0.09849076796036907;0.37700224795769127;-0.11244891802308722;0.20867016720045573;-0.02243421197483307;-0.05112336832332691;0.25827232590397736;0.07347326527968741;-0.25069837042966325;-0.1062311818275367;-0.11488786664092615;
0.03510346508237203;-0.34213803869423065;-0.08401913433352975;0.025636103543012434;-0.04108187109380914;-0.26840233194843066;0.1386868988091532;-0.0034075733885494276;-0.04838875064133943;-0.06262467599446224;0.28084792292647287;0.300131266543168;-0.2901395897844736;0.0015432534603282495;-0.07973814737621099;0.1413061487297451;-0.2345935567467264;0.038750671709300535;0.054784640973576826;0.17297991394371418;0.1611761307216123;-0.0237165675705688;-0.0881580529541106;0.10654820624363627;0.45941694425359053;-0.13810702849325715;-0.17472643302661062;-0.15099472876284423;0.27394501708098684;-0.04070919818158673;
-0.001658043372461909;-0.04356646273717433;0.046636783735004426;-0.1443671072986222;0.1712449594034056;-0.03640626483505865;0.08070426605281655;-0.406364626378475;0.21956320692505055;-0.08790167747539179;0.12450276436976514;-0.1757457574359669;-0.06515803959925766;-0.3381893720183055;-0.09619817110340173;-0.11555485666270394;0.05952715085450632;-0.08988428125348606;0.2685637638608877;-0.11982498554782618;-0.39652285490130457;-0.021014746543614703;0.01803191258238205;-0.28065905025714405;0.040901485099581525;-0.04266063890530519;-0.24650792091226045;-0.17917531642443357;0.0052893201516996296;-0.31300998329830515;
-0.09689244307132214;-0.17224997189308192;-0.01182802353081806;-0.2848124302920972;-0.20508171223911076;-0.18716759427239166;0.04257197260273253;-0.17238228393802815;-0.07037661658514145;0.015011976655219035;0.3262589468612179;-0.3059895814688134;0.26341800446457647;-0.06009116670485001;-0.15178903553336406;-0.012912096133866405;-0.12217488523011731;-0.2356165424749505;-0.20884021464161825;0.19448905542537903;0.07033507808554532;0.018153834100968658;-0.01669538268155041;0.07595010780200351;0.014402454118026334;-0.2928913004113209;0.08176720356893515;0.20538535622915835;-0.40374484090027424;0.09235080967058737;
-0.3075691018819278;0.14414588098680142;-0.2850614696469883;0.0758084220797627;0.030952608244898646;-0.044598469230472386;0.08365909843123627;0.040738360979067606;0.5057877846774683;-0.01851886841617071;-0.11114131776712062;0.1403854919753207;-0.05734785485724103;-0.2121809960887033;0.112805524429029;0.13072784730068626;-0.034341486952195084;0.07876186674208253;0.19186986866704703;-0.0657278712940094;-0.004623520776857707;-0.07455388066998732;-0.20988856162785735;0.025054149145324382;0.14893711642030444;-0.2469833569184554;0.3163550799241191;0.3577593972373002;-0.0949717606380363;0.02467878414402771;
0.25860335284276714;0.1117539646727001;0.32855079378712476;0.09252166464697427;0.09980998604721744;-0.05402106677276808;-0.11126588298948481;-0.08649975572096465;-0.16030989431931736;0.04261953082270484;-0.07106239377581583;0.008565840220931084;-0.020263297240420017;-0.10198610675010727;-0.09083892653241686;-0.21065288551301456;0.301458264641068;0.11700876602024023;0.14248723264545776;0.19297363049714356;0.35220087567521285;-0.17398240480299942;-0.005895983075528697;-0.334804265859376;0.28831735188755225;-0.2381458737184355;0.3031507580930282;0.07194167779186965;-0.06264090145950829;-0.07691577118198509;
-0.2967392291095019;-0.3380340040169916;-0.012249567508940488;0.09637687919728327;0.2718674160087036;-0.10633026756972712;0.10176496756265256;0.0686407116407982;0.025826602583433077;0.028792117441665394;-0.14202199710180496;-0.06317055507256591;0.21290330357481296;0.20632802775542783;-0.1630686988370624;0.08948112554914643;0.2465739530038199;0.20965398726340043;-0.14001263784839246;-0.05699617632470432;0.07625399914815885;0.15630860542267164;-0.03427948871784905;-0.3898083927778369;0.0626826197078976;-0.003609357173319563;-0.365507104952618;0.2819903521556534;0.031190139422321225;0.1038903626155965;
0.015466749578348076;-0.05046325360948687;-0.09594182471874937;0.17169847648929948;-0.34622928424227184;-0.10692246218678861;-0.19005857361177722;0.0873496613435429;0.10805401187681873;0.45735529770696415;0.035827043217466395;-0.2125533770860658;-0.02294507552878674;-0.17369119194040933;-0.14334811026697133;0.3332673332173696;0.38297478776603305;-0.10586676856307649;0.28638542600364336;0.13749711982565824;0.10058630267641662;0.11230238002481392;-0.08146456099574166;0.05100619668720432;-0.13076339453970887;0.021633379184464036;-0.11095981484143966;-0.14957908984503154;0.09832471191853552;0.03404203078563006;
0.030339008190880937;0.0968330271526878;-0.12180931997043935;-0.05100880655983521;-0.14832554474530874;0.11453009150816193;0.3078475208854874;-0.27243374403298243;-0.14510119707530394;-0.15245123810226682;-0.020192927598695308;0.14232098907333932;0.3264286744020827;0.037323834408635556;0.2760349881605359;0.3462277640076586;0.06898621655251892;-0.16096529698423248;0.05228462669647113;0.07642015959366577;0.07408838558207113;-0.19962962989655417;0.09189041927988584;-0.27379498435109345;-0.17930300024422358;-0.23089230033537755;0.019791229686646157;-0.0786190694340758;0.3411081805104714;0.15099548718943612;
0.12285799653920346;0.11090775010521228;-0.3009980311749004;-0.31482417537315105;-0.004952043609628502;0.011476970881239073;-0.4487527603196483;0.009258386287804609;-0.04384585623627444;-0.2094870477275718;0.07993847548075882;0.1792256809371329;-0.0102534092207968;-0.14854626972856982;0.012898669928685257;-0.1355360350406266;0.033740819034515125;0.20591976221892577;0.03755284054040176;0.3084272445467993;0.04945453510805063;0.27373689474989094;0.04042331291800858;-0.0465535509148897;-0.2340547980978738;-0.10987233171075494;-0.1888190123425486;0.2844553559656214;0.2120519817331086;-0.08123128905469101;
-0.0271985823670922;0.26968588159034806;-0.013280777988065623;-0.09832066194475153;0.13211389814972568;-0.07516267633122685;-0.0790575481293196;0.16823640158280798;-0.150123277465934;0.09650797870831687;-0.14643604046090705;-0.16644717103559614;-0.10419207121694879;0.054452815515279474;0.007481871020881303;0.06865028570417528;0.02528715987241909;-0.38789309663430194;-0.08098002308544898;-0.38536208741102457;0.11912243118042938;0.061977652934607975;0.19838266787960407;0.15287363048490507;0.17494352151027528;-0.413800113807507;-0.200481318343728;0.15473601168341142;0.21211718670261995;-0.248103535997591;
0.17330739025185696;0.15447571078109956;-0.3123527629096845;-0.06546231056783348;0.08483690733845624;-0.05978969630809332;0.20033017200849115;0.008757818448475948;0.13102433470355257;0.4780959844449306;-0.01666069179905918;-0.018699227468567323;-0.16033169046127474;-0.061998604016295054;-0.021204720563796565;-0.22141113711361884;-0.1034369820538336;-0.19508163493303116;-0.4012517351831179;0.22151102956394023;-0.005102101762745418;-0.21020928428940125;-0.03274009163358288;-0.27846034858600877;0.0029064089700451884;0.21885630301954123;-0.02195871366280286;0.11219029146659207;0.1587516024024002;0.006972343932959004;
-0.2657832183534576;0.28756921913790207;0.16949082439422183;0.30204980975327084;0.0670814471941537;0.2573380296984067;0.12762652775672903;-0.052350645931984074;0.08193043216323133;0.04677256870224365;3.1815948968230126E-4;-0.06971849870269498;-0.05084076548024471;0.19747304811139396;-0.05982211882824915;0.0034464732179848813;-0.09198527354731811;0.06304995181460436;0.012073108135691506;0.59394107990465;-0.0965408268518725;-0.03477555233263492;0.14544063262870555;0.1694173951677233;-0.020436589832312897;-0.21516015369504993;-0.25720959387514264;3.0992021215210826E-4;-0.055904137590335204;-0.19050291050048812;
0.09517250124506345;0.2119112607822699;-0.029469536471037526;0.10738505975445402;-0.21377177766825187;-0.3653804661031297;0.15849966821780007;0.09393606156196566;0.1165718699468506;-0.208893204132909;0.10081459697090081;0.023871340888497655;-0.04483514272010412;-0.18151722560022335;0.04459293350336537;0.08940789456690333;0.33347832191567;0.37136493273503446;-0.4356607596476303;-0.08954769337201501;-0.07150842269516652;-0.13512897996731116;0.27653296192386717;0.07874406464157568;-0.03261479322998734;-0.06334253791092269;-0.10543059907282326;-0.10795096499332964;-0.12604134553913024;-0.10427843956800548;
0.15729685153198672;-0.022327100123537443;-0.20305455780204595;0.16993422520892673;0.11919201496631822;0.06998078311445655;-0.018826538934275577;-0.04471917981273432;-0.09914658849618468;-0.265903157428365;-0.09029934108177194;-0.3194101757323999;0.24471102592664748;-0.12905260576655125;-0.19491891385978322;-0.03288593191869408;0.051920737470570855;0.05476086007960052;-0.02882532054481648;0.01311280464545704;0.08211188790569736;-0.4330658020338339;-0.41065723705209467;0.3456706136788955;0.03434116014489588;0.10763275799561016;-0.13513503611429512;0.1073360748398177;0.19114667049907563;-0.09311758652830726;
0.04082860819357471;-0.02940675106652187;-0.06420323557592407;0.13452147593188463;0.11332371849931182;-0.1324240172480353;0.16596000469719138;-0.209835489963754;-0.20200227037718604;0.20451614858566947;-0.0012028813438197266;-0.2618894136913067;-0.29554900373033044;-0.09008269755084862;0.051842426865503964;-0.119584650637714;-0.2710687162123676;0.38982646168561147;0.18823858967700693;-0.1758046366667438;0.14214775174768385;-0.03381947105664237;0.09408763877956922;0.0649739861953479;-0.3640236573940133;-0.24679912914506114;-0.05648693560161293;0.06964980485672659;0.025209475682120046;0.2851638272257915;
0.46122738542476766;-0.011330976595337607;-0.012766332567043926;-0.13526762879677812;0.06381342573740893;0.32253131933547163;0.06872311743482903;0.07266209895340686;0.31744640528200024;-0.13978492141809215;-0.030027484233102014;-0.3425807987545313;-0.16603034386737933;0.16695874291672827;-0.16386487861617213;0.36310604864099466;-0.10944646633457401;0.159782988624217;-0.1592636258643918;0.014394667877508845;0.016632312002870964;0.23575178460953738;-0.0661975614613324;-0.12712186271939138;0.07286633735152574;-0.16929953060049963;0.11052403816514697;-0.09393500820511098;0.010483805368378894;0.05714097629367445;
-0.1365980966553737;0.47302830008763336;0.06693510019250078;0.14899281770972128;-0.157665229186068;-0.1410197168416701;-0.11618023700317877;0.09308565405047475;-0.12912031357876497;-0.24667373778589988;0.24649096933265746;-0.02830665743165344;-0.15105475958524908;0.07975556778238584;-0.4037884750803901;0.09638717908976145;-0.17436307977880652;-0.10102355347209256;0.07498210842562843;-0.10599101892936486;-0.11115746565263471;-0.05827893010426928;-0.1571013350224353;-0.33294240432606553;0.005428593296061337;0.11871864878435574;-0.054026389290999934;0.08157647387518124;0.046200674610015355;0.2980351951369662;
0.2798848365107187;-0.10615067261383122;0.04905848791073362;0.4336390126013118;0.014779670960531312;-0.023736288498380966;-0.10944334311161713;-0.11223807160932961;0.12756588714301023;-0.14297241469668384;-0.2091379032044672;0.2394976267832245;0.009962634358499306;-0.27577724400517356;-0.013622818046218906;0.12619333372354413;-0.26411537923243733;-0.31777025906882284;-0.09429440813554324;-0.023314995663150033;0.24305407714487193;0.08176046554487605;0.06733380145257675;-0.09424502922507363;-0.17386685546098563;0.014625023365547433;-0.25515953845585754;0.09768338205278522;-0.3152321512134979;-0.026571479166071523;
0.19407691024522897;7.214040786464505E-4;0.08102735243405695;-0.06906791545651855;0.024187922435600556;-0.10318727872209543;-0.25962222743069147;-0.011956666144970509;0.11768771030665862;0.23215531085247715;0.26624309637629506;0.06590488095649157;0.13241690886696567;0.3639903213250172;0.14323324098192494;0.2835321140403957;-0.18649441810776535;0.1839255517595643;0.16119806174234447;-0.1286364331060062;-0.0259512704405016;-0.4159166332034569;0.05929392288453064;-0.08048740614939674;-0.0672573117697335;0.07981384095845716;-0.10414974047422368;0.22858018320995424;-0.1358414286411482;-0.3017879480444057;
0.15817022411278417;0.17321737249971395;-0.17458433370191556;-0.23058877288775242;-0.016508781409132565;-0.3320754572305265;0.04042741698153344;-0.14083021166856172;0.1304030175003124;-0.13745343977742097;-0.3778420875192311;-0.09101714221564948;-0.0439284675085746;0.3242979629259201;0.11017835539046288;-0.07656168624862474;0.08205697038270532;-0.08544345512596968;0.29697458148845385;0.15427528394568507;0.05889193766041131;-0.03892820044649763;0.08374039302285693;0.09982464774954625;0.2068079579316238;0.13600048410049678;-0.24380078131808555;-0.0829782914851055;-0.24548871916409054;0.2853445473154146;
0.16295401266265064;0.11781991136300621;-0.05526797153553893;0.11564729509150339;0.09143972931627418;0.06627578875517617;0.18489725544220345;-0.28242618270706144;-0.270568125289156;0.07490638029673753;0.11467346024724692;-0.010562667756054658;0.013072124951836989;-0.1278263008952488;-0.010194696838823167;0.26979237038318005;0.09485311257965576;0.04398429710663542;0.07941766330856491;0.015760787278493966;-0.15589597928400836;0.2839648992222351;0.2462368103229202;0.17920740926975015;0.29431679213479006;0.35456402300925455;0.10888867256974208;0.4420630040140982;-0.00970800900911746;0.00805774327547372;
0.04434648148120713;0.049674267618366706;0.44279522099841073;-0.2395430893351743;0.2823210124873971;-0.132529306546464;-0.06870637025231482;-0.07721837543998948;-0.04880586470407664;0.10659186107461367;-0.09600662634654013;0.1828409011188317;-0.18651315269265523;-0.14420456201465862;0.11645172566124315;0.2877893816836115;0.14620261668394485;-0.057173078723951574;-0.1899527014784287;0.11913932010402037;-0.2423995929180825;-0.08150613869720177;-0.3754410775260502;0.1780515698215403;-0.1310080058279631;-0.08738412331070812;-0.10484881736186406;0.08790265606201843;0.0013523497937065322;0.2632618113719085;
0.06354148511091873;-0.11874455113721055;-0.06548536182433842;0.16688535466554502;0.06171255321804785;-0.3107939661744322;-0.16932718117956186;0.30921557246545706;-0.22536307411595008;-0.014198504191729779;-0.27616929244676314;-0.22415531865289567;0.16978059715774224;-0.13939115464628973;0.16994568455857803;0.1257100803763427;-0.28738854691928345;0.037618832041604995;0.031179897625993547;0.23532770692862065;-0.461562252161947;0.0025209342138540285;0.09655621037114633;-0.1706241337263543;0.10953191711443026;-0.10428511226375278;0.17883387838649786;-0.06552839352789289;0.05371106034712651;-0.026782410193738466;
-0.027619902263606798;-0.043238343644153916;0.017807658756407933;0.16495625653074117;0.26992229950573815;-0.23824391402619713;-0.3095271689631681;-0.3412868285741966;0.31171856424303346;0.009037519303024493;0.036432673634388346;0.04650066143360513;0.15727165651542171;0.17447224384962498;-0.2761624462740735;-0.025125107605197868;0.010236079762329807;-0.0856772632687099;-0.14197686325165548;9.855754627406835E-5;-0.03676193449281138;4.311196766570222E-4;0.3023597610061683;0.18601699309776035;-0.07234305165121978;-0.03348485074107102;0.2926799284188304;-0.11088760148374259;0.31926204877268927;0.18413973229604622;
-0.10410476861672037;-0.29204655683065034;0.08722530191131217;-0.09725998554498894;-0.2736533251368754;-0.08491062210606751;0.08172363316281925;-0.08476912826115;-0.052153854929674906;-0.2162732765096997;-0.3107753570479525;-0.0630209373629352;-0.44204928802519183;0.15133783561312703;-0.1975232728786821;0.08930998424251495;0.07824040712781967;-0.12315547637400352;0.0031631427312918013;0.0996983009511676;-0.049691190661556826;-0.17892692212973;0.12245361905810652;-0.03060200154149691;-0.2600057727097559;0.10745508747533519;0.21201184968542236;0.29009509981869613;0.10482981318954991;-0.27312284968174666;
0.21267724332145654;-0.05642747133259134;-0.30909732051818595;0.017118939089741592;0.3213320786752779;0.005726665440959946;0.22866201794306187;0.26361848228924717;-0.1688631933395657;0.01586544342762174;0.11313457756462834;0.3036958511975567;-0.0020518926754627964;0.11990750172392478;-0.3670930713339787;0.010791455683952905;0.22336211509086132;-0.13131902472746895;0.20246831618430494;0.02214967511976536;-0.20719454028348652;-0.07469028322704595;0.050925069770999976;0.06618900872710905;-0.2385891958395693;-0.20922517872845173;0.09883618598417818;-0.0649478803569266;-0.26192618767738335;-0.01533193608196787;
