0.36541706829075155;-0.06317312360659792;-0.2428275411351834;0.11491535857842064;-0.14887464394559258;-0.17895790165999478;-0.13506974210938213;0.1587889661628963;-0.12739365468265232;-0.11154059475860795;-0.1289085848573196;-0.06636371313218206;0.21985312435827867;-0.1852066610401805;-0.16750469046576533;-0.20182039459167628;-0.08909587966095046;-0.24577593484787005;-0.22332863441402545;0.11868638916413866;-0.22585258855262721;0.23776304029659404;0.170604683718089;-0.23935601494823175;-0.12679526565779747;0.19098366656385726;-0.17632928460955877;-0.24170045624018288;-0.10350042879574066;-0.11191064370818411;
-0.06913062399414249;0.06076735947640755;0.17361796227410065;-0.09595903018154639;-0.07312283914646478;-0.2805700306298421;-0.02155904219911504;-0.033678123807948906;0.11459307529726029;-0.1345488071341401;-0.35660858774551984;0.4208579600547942;-0.19451236080274176;0.09985092136157395;0.2029038946603659;-0.28994185068516315;-0.0511722166527636;-0.16076130232817562;9.14980544978931E-4;-0.12066070018777299;-0.089334600619656;0.07840950338903906;-0.09347206749158231;0.3275053157086573;0.03896386405723916;-0.10733796694188981;-0.052042423113803575;-0.3990878556855953;0.09669746422987044;0.020644431090363888;
-0.3193171199308278;-0.03310711491206532;0.21087928515851495;-0.11304571203056034;-0.2938280855278031;0.14003747081554435;-0.185881629118014;0.18702907559303916;0.015470480799819511;-0.23150479667232357;-0.1636112110387468;-0.023839631997428133;-0.07395074795598723;-0.17787427829596686;-0.26361838958697975;-0.10567389579732298;-0.0594379206747496;-0.2541895466410762;-0.29774734691947474;-0.12138094513528577;-0.018749083203976717;-0.3585693258091285;-0.06230293903013439;-0.07944816078915867;-0.024411999818101333;0.01965153198514713;0.24628962887201708;0.2342298573091695;-0.00715690361499557;-0.1951120537052345;
0.017818513823233992;0.2311959994105685;-0.14342835795757333;-0.2687190044385015;0.03495857688967378;-0.1944570904590398;0.06834056096187295;-0.28784863066411936;0.05054177638952886;0.14175812062589913;0.0944965799541495;-0.20257356271448532;-0.4222388516146017;-0.03278732864566592;-0.17077611260278994;-0.1432188067288577;-0.07359613476727642;-0.015294730106927987;-0.11502958788020685;0.11285707686104342;0.004125288523347445;-0.015500499904194323;0.15357679774181066;-0.11479783411179995;0.31397442759611655;0.19541406233305184;-0.004748732346809617;-0.014178451967768959;0.42091401829030295;-0.2059971877978941;
-0.25666771459048116;0.006242614792061725;-0.39500135237740797;-0.18107541356379686;-0.033818815510200384;0.08403880918791724;-0.29182410893205785;0.17831095522580906;0.12699411676794098;-0.18019459936742002;-0.04674995509360464;-0.18364002739788285;-0.19511300237395243;-0.09914419260360088;0.014809961916547616;0.14932745273206707;-0.0756108352048124;0.031889828091831246;0.01112618841177616;0.3772338948721533;-0.0775843712727608;0.0636230419393458;-0.05475054753050031;0.2634489115834964;-0.10209963308367816;-0.2745689816234438;-0.35910226431807213;0.04704216933208709;0.03558519257993156;0.12370527450978196;
-0.14407542366202794;0.10796952306759339;0.05384662105397034;0.0259932247968716;-0.3423584327404819;0.059050035937751696;0.2728003613215263;-0.39349243329956396;0.2645813577848861;0.2839362210429429;0.06763644477260176;-0.02455238336287417;0.12200668762372041;0.08942578076361353;-0.11296435826724997;-0.07961474271812112;-0.06681818100052513;-0.01998113159324723;-0.33021289148009825;0.05194127654046525;0.05813811453294674;0.0287606838297555;0.04761474821937847;0.1277130961198488;-0.4653268637251716;-0.012565158827024596;-0.21803695056162656;0.010753782349981821;-0.08742782827103655;0.07000600635571753;
-0.09094653504429612;-0.060205320570748115;0.0749632666050844;0.031573689429086935;0.12222394832799012;-0.04367672213892178;0.2861915263638156;-0.0043902583795834465;0.028586821975427005;0.05034409345100655;0.26478592910786375;-0.036694665156912366;0.14606508576563548;-0.14149957288667084;0.2789807694398441;0.06700807968364711;-0.40202834227708945;-0.4368982715833291;0.052635176339668355;0.08681087705045733;-0.13390593597868328;0.03053172080866937;-0.2034474600807377;-0.028066442058085728;0.12811311591035368;-0.2602064598543627;-0.10864554121471005;0.06063047092647093;-0.01918048061676607;-0.4005070587271104;
-0.06603566740891442;0.049612818628550735;-0.06243457599452978;0.056969142478496174;-0.07083062685740031;0.04192655668422542;-0.2503834538046408;-0.2843257855142602;0.10533181831872687;-0.18852795187661583;-0.25109381760989163;-0.05322518816277526;0.20593386101857084;0.18836852409639557;-0.17789382397677048;0.01827443478238647;-0.25564079793129657;-0.08073662804642547;0.3404110108161368;-0.13055983101417729;0.494971291113716;0.18475587155369155;-0.17776657441069632;-0.18392938603222803;0.05739562732418232;0.06312776095987228;-0.17301733327914484;0.04149559827482573;0.04988273310549386;-0.1501774153512514;
0.06432177159893035;0.017698171274781245;-0.2998644219683633;0.11692755449187581;0.10925654468923716;0.24257227548644877;-0.07428977656362892;-0.08035422210600532;0.2174150678624243;-0.06501599374026175;-0.06927938091944567;0.2805946153062346;0.061502770752577436;-0.18064469006817913;0.274674793877975;0.08017143910096589;-0.11991861490537124;-0.006037747522196238;-0.18241844616288314;-0.1959177776987221;0.16915008555159014;-0.03038600256278194;0.5658511298063638;0.21555020917431883;0.09943689695205157;0.05611949945965971;0.05880424552927958;0.1566785132355397;0.0012775441811503111;-0.18049946545103146;
0.0024018699609132765;0.038424208356865684;-0.12943531444303683;0.24321292426118218;0.031385404663862776;-0.34921003000645107;-0.034207643028164286;-0.1003013117251023;0.3514731444754986;-0.15452515253357735;0.12154943211143673;-0.30950316361835584;0.06537747589198852;-6.550413775617249E-4;0.03101833152940302;-0.2506510735708173;0.233968778822949;-0.3280913049469843;0.13507477362402154;0.07392495276801389;0.04393187869198346;0.01060269600694082;0.014164705591130734;0.2215551656907835;0.06897502149213203;0.0161119169900707;0.3278160696267314;0.20897181017078673;-0.15327734217308261;0.21292990202926254;
-0.10098911790311808;-0.055378379767936026;-0.13169424296966087;-0.24807716664310464;-0.04136749217969491;-0.27726204722017195;0.07718874605839593;0.10739824128852156;-0.1417977040357665;0.09396526631386623;0.13278687831813366;0.03577563774464874;-0.06191996902411391;-0.5145260479177403;0.07572989388368104;-0.029768111143741678;0.13173266056330027;-0.025410481804018486;-0.048001084165768905;-0.3729758142734186;0.41153087233595653;0.25639141554413103;-0.08515126741388904;-0.1100391117856133;-0.16907734626442958;-0.14863480843178511;-0.009314110670715693;0.04480552210200507;0.04081881147745024;0.1429071328148056;
-0.22105095625681526;-0.26020959429064155;0.08512098919945178;-0.11749432156294343;0.3382385835437916;-0.048852155998176126;0.059131766945158676;0.22636591904442557;0.043961798753267584;0.02650856085643641;0.11186318970838928;-0.03861342067251288;-0.08444263054832911;0.06010440821587334;0.03512477569925565;-0.41252984514686264;-0.2519772445645013;0.06982923838296878;0.07490521655689017;0.04768580580752242;0.1884486957466126;-0.1683975451532299;0.1149938202676565;0.0292925684722734;-0.10724062902977767;0.4437969905175814;-0.260965014616671;0.011049835861938282;-0.24140993707928063;0.05370256869856691;
-0.10169199990949485;-0.6235809444103956;-0.016575347001527393;-0.25922142608976845;0.030061817691739236;0.19077086860272693;0.04120203507715951;-0.061294899955469426;0.31520954245056965;0.08522578546420753;-0.0654060313908216;4.7074449400130334E-4;0.3317245923639877;-0.037297247738572424;-0.046671131656676385;-0.08707357092722685;0.2284763396664677;-1.308535393275731E-4;-0.034474179145691244;0.0729762032963236;-0.09662698655399306;0.1661700565373368;-0.044806619962080976;-0.026289298096945656;0.1597191690147975;0.031211090294220492;0.08108384166406551;-0.09731009744014335;0.34244970710740263;0.018130838622159837;
0.03144941497945067;0.19741877091038418;-0.06040715719416561;-0.1479427349663254;-0.04160469952900844;0.2448847532821785;0.232143742156437;-0.17732779997149492;-0.20120620831261948;-0.16171729286048583;-0.244238902889115;0.02434589449541423;0.1212765786404169;-0.2109660636152774;0.3549459028960973;-0.15220998459550844;0.10658967475998232;-0.211147481750427;0.23733420170010552;0.2504706984951029;-5.592175469210558E-5;-0.26466836967695423;0.010426092277700463;-0.20300493715985743;-0.14870614392708406;0.1484378100766008;-0.03499656270219824;0.07838971622502507;0.19472995780059224;0.2764070302063525;
-0.1790508471892054;0.22362776606502296;-0.07692803144489851;0.28221483406972925;0.2576298281682479;0.1471277713490349;-0.047301323363932786;-0.06978539070633058;0.20059127639258997;0.20271505722189095;-0.20831424353865016;0.015796825330498445;0.01204876263741241;-0.35803918170879134;5.29484365122246E-4;-0.24081579077721973;0.20286302254884123;0.23816752262123392;-0.1264168834177877;0.14100393048799123;0.03628855558123751;-0.05974827758723873;-0.2834490684212162;-0.19704721311235582;0.16254946298917797;-0.09747546964285313;-0.011562003656665173;-0.21021390056801;-0.2398648296255773;-0.174229970579252;
-0.005244044234926238;0.33434908062014973;0.15797210908384907;-0.158791230110232;0.23212792024794346;0.1159504473624443;-0.08076782636428564;0.013759170355207382;0.41395137983891434;-0.18514371613305508;0.252332266226693;0.14960099491667225;0.05792407298425649;-0.2195339806300582;-0.19408515662082143;0.2550162923611503;-0.03689371202531479;-0.1181111210091031;0.10120004468683867;-0.21087515397917694;-0.27854077928094667;0.0992018407092346;-0.07415800231747544;-0.08023456458220765;-0.0911034265785246;0.28031540764552754;-0.07424320117510046;-0.12573080778063234;0.01863575870960916;0.2002642016787166;
-0.08276525464279565;0.2159065221753997;0.0930591742701887;-0.3245635535409585;0.3234563602029868;0.023509118341800975;-0.018773171381754293;-0.064712351243399;-0.09329212382520237;-0.3806131439284564;0.057944903252682804;-0.15339324241323415;0.1710729290856242;0.30903737139440024;0.17414481631251766;-0.15077054451616487;0.2525533092802754;0.08361480999316781;-0.2921056028014638;-0.012587977624377113;0.007435621163751468;0.24302583730838798;0.08173878389566001;-0.10151973440459196;-0.18294105793154292;-0.15654760122780884;0.04669731622833888;0.04476224925546063;-0.07157988593896514;-0.2547257643106525;
0.0774305326464771;0.01004576130196835;-0.024565579702256663;0.24178251119920188;0.31665641384573096;0.115723562588199;-0.3203419566327993;-0.1314084182566855;-0.2289057522289609;0.07605699991309596;0.16101633990689865;-0.04123350488939278;0.13995073509559364;0.002236506935595702;-0.0715164658890426;-0.3038792423564022;-0.22123854748058444;-0.03675714243386123;-0.21265741519364273;-0.20484655331171275;-0.07381215702221103;-0.12635618108169175;-0.161033919719442;0.14066992683633053;-0.1093510628910605;-0.177719877348525;-0.034578061630278524;0.05335557897223158;0.42297870876086047;0.25946328243969674;
-0.028449736001547394;0.19499147713038376;-0.22197325141191732;-0.4407499641890616;-0.03580785586645791;0.11095602252358473;-0.30078800171959885;0.013601511007415185;-0.10111212185897817;0.5289848208676171;-0.033040268552073225;0.05759216711707238;0.17165626382182467;0.1252480597815792;0.025403294722488128;-0.13996749124543692;-0.08726546903619702;-0.15514885587257943;0.19051124588038582;-0.06415756024229652;-0.15885987812414065;0.0469685450517792;-0.020915622227650848;0.08121652090925899;0.006294961516493107;0.016859274037392676;0.2622860580104541;0.036561639556048395;-0.27554181350919843;-0.024227903480345536;
0.16681750188326508;-0.21145673127629316;-0.009832144109950829;-0.14212633473139707;0.1713420221146855;-0.33626703749722586;-0.22094436724926964;-0.19522647025696013;0.24958099407496645;0.05104873306223599;-0.10894033169927086;-0.06933290263243216;-0.04304856710157016;-0.008483621284251118;0.12146322898960442;0.19226229845905088;-0.10093878136773446;0.07713516615252684;0.05667350989135562;-0.026913423129255234;-0.04334857919880824;-0.4596679377671736;0.10211071678540468;-0.30964343335503675;-0.3394042954653377;-0.23503719237515575;0.09218686895945195;-0.14028474203289443;-0.03638277811651385;-0.05558154666237841;
-0.008766476074985598;0.0390410932552159;-0.022978027968001545;-0.07573532861150281;-0.022837905430641958;0.22000029719034364;0.3153252897245654;0.06682302296540711;0.058266535231265244;-0.09668191590773079;-0.19839873074418027;-0.47870854612565067;-0.010209607390043424;-0.013792032102042311;-0.07237090935118372;-0.09438304603835132;-0.31120510011121943;0.09009472759730987;0.046141768807105306;-0.3251268669160413;-0.07645929042701081;0.020857221764624862;0.20922044679088356;-0.026435645774890947;0.16765034721196084;-0.2714599577310067;0.10668000901533498;-0.29243334382400177;-0.128799740410058;0.25450319114915304;
-0.22828734649540552;-0.011080603153124176;0.017687449552610358;0.003872469623755578;0.07947332727275463;0.02093323329198511;-0.04008720922283293;-0.13256631493162396;-0.22768717240542644;0.002707183254750933;0.22805816731128611;0.11792339303390728;0.11422334999385295;0.025603991452944324;-0.3146582623903522;0.0460937367076476;0.3117421762285889;-0.3250187770353182;0.11631740729649685;0.03403918584282826;0.13874538675328607;-0.24955511833327498;0.35851612491627877;0.01606244706435562;0.16374035433437542;-0.23119974091942497;-0.21800734798407886;-0.3477939029394823;-0.10765346328873676;0.026964343078119866;
-0.08853248648863195;0.03478822747652763;0.28801223988929725;-0.07869228789840423;0.230266886510065;-0.21291999164103295;0.014425277453755322;-0.09823006449448178;-0.10286547705609446;0.02799110003558158;-0.21852870137916763;0.17654328612867326;0.16061541372157048;-0.1693097593645323;-0.22157339589778025;0.12810158229491123;-0.3102065913660215;0.05567722477163043;-0.13600317078869006;0.4316221059454662;0.08785082236604327;0.21874318516328634;0.19793208134550164;-0.002295011960453789;0.10749294506120827;-0.11440788891221544;0.22161687058302565;0.16764357858941933;-0.06903509510185782;0.27899600444912354;
-0.2305322346047535;0.19436642882469435;0.3411319686229979;0.19834547599618274;-0.11643134961197572;-0.08884892194538363;-0.21331008286625247;0.33327740216330043;0.15410066872554806;0.29680680350708316;-0.07697229597365361;-0.16630276253687123;0.09050728415367693;0.05342330824785541;0.23739919820667663;-0.04806814656253421;0.08548028685144343;-0.023579639531403174;0.1324906712727211;-0.022865140067329703;-0.05116484803029838;0.13819667601183447;0.3592763514690566;-0.23324651553192194;-0.015478132818677057;-0.0791893317448712;-0.1735181124805024;0.0825257044062702;0.2924354072130898;0.010721757100268906;
0.13541965397839514;0.14597677775109655;0.09808032852807701;-0.057353156963691115;-0.2260682210898248;0.10414172745456145;-0.11622494840568923;0.20159903441022062;0.08985619434989246;-0.08018423942136266;0.36615664069929477;-0.030305996518728534;0.15812198793982793;-0.06970245096050293;0.1039518405200907;-0.07531548985999363;-0.16189795760372946;0.14926011697697714;0.010429830449861534;0.3115953421148778;0.3748559670814733;-0.08153234409311294;-0.014809396332269676;0.11559194782073016;-0.07271330275072795;0.009584331422500396;0.3252137152235361;-0.43480895028625355;0.15221000975163523;-0.07551928804076039;
-0.3523426770687709;-0.11481347649559295;0.01314032395802776;0.20493781186977378;0.1549279907161096;0.05005895350002377;-0.07028964185577795;-0.1744098740206969;-0.25576604895512434;0.057764481785113585;-0.13740368484337973;-0.26242718091591866;-0.14404493644896493;-0.10966788902976092;0.08704934648181066;0.273057449631933;-9.727894705633678E-5;-0.1269362154322147;0.060910338816945936;-0.010860139485276494;-0.06302548820922231;0.19649119768024184;0.04296373379223242;0.18265832236061139;-0.313339060371803;0.30722607725850504;0.2821898911920296;-0.29677484488547695;0.07204245261271118;-0.15498385596519662;
-0.3295227171373655;-0.1388217008582669;-0.14825956235349072;0.12662862335675648;-0.23107789711090165;0.037375702855363784;-0.16402713477117425;-0.22651866801880077;-0.037132797398166745;-0.15332167688958734;0.31664313958039353;0.21329174721455663;-0.17991669432186083;0.1277774378377315;0.23865002630060286;-0.0979739214486899;-0.16036838012658314;0.06975300767172726;-0.07478682103523743;0.01824649561657919;-0.1589620235211;0.16345199180263012;0.03815024296738027;-0.44732580342838635;0.12627917323559715;-0.005218075179994915;0.14735103297995675;-0.06735986563936196;-0.13870234298570122;0.252414631729942;
-0.21204753889946565;0.09898702610380307;-0.3892118092078502;0.14406982091022283;0.12913931009686683;-0.06161313305301373;0.33903453525346877;0.282399079919934;0.07110637499769723;-0.023690661159606097;-0.02539930762292485;0.2888602448538218;0.01923651398424692;0.18676456653308462;-0.3124131512727422;-0.10599754571301005;-0.05763485456255828;0.04095459212803195;0.20786839470224072;0.02989862758680406;-0.05787064555397436;0.006264085153453093;0.05385880540336295;-0.1463254771405991;-0.30452687073892826;-0.13341569407383858;0.24933001104154043;0.027771973901436358;0.24620192157287116;-0.11465831889947271;
-0.2955949735555722;0.15538897646858707;-0.2518835240607635;-0.021624229110449554;-0.05029877813939483;-0.3669858892282838;0.08086892303007377;0.09722291760683784;-0.06858963648124845;-0.01258511110968772;-0.06673699907287538;-0.061548454979169324;0.4526097334868274;0.12596321813342645;0.14227971844367293;0.26247958071201216;-0.05031813470595755;0.1276224987988923;-0.2685552016530885;-0.11045512459945767;-0.01752909971159604;-0.2661152582135398;-0.133698972366195;0.04432741039120628;0.24336857089462594;0.24824038865569195;-0.05987638839452978;-0.10586902656644749;0.08049898970183335;0.11030096881723173;
-0.12430697630667509;3.870534657161947E-4;0.07647930762683036;-0.026152275469952104;-0.19500805103721217;-0.17745630873041157;-0.03939103338605599;-0.23383638460958142;-0.133104856596783;-0.1812888336510479;0.11945785250941099;-0.009536302881629618;0.23547237506734212;-0.3143581846155585;-0.08198741692462556;-0.21123602175466527;-0.03748489313959201;0.45236509825191423;0.36158079786045116;-0.07327742339408896;-0.32124491008659267;-0.036695241520893075;0.1388296909627819;0.20446179460411307;-0.02715989442928437;-0.02443569814944681;-0.05542575778701525;0.11246538686913221;6.254426375360701E-4;-0.23849888476950248;
