0.1676368807584123;0.38125289189433353;-0.26098543816343645;0.3668079915493939;-0.4601565489544183;-0.3232089686278966;0.18208178110335183;0.44571164860947843;-0.2754303385083765;
0.43827510601397457;0.28808141778585894;0.21040059680347448;0.46277550970502346;0.18590019311242575;0.46264145499522535;0.26358101409480983;-0.011206101193261571;0.3850946887226394;
0.2581988897471605;0.38729833462074126;-0.5163977794943221;-0.12909944487358105;-0.12909944487358072;-3.617798312384621E-16;-0.5163977794943223;-0.38729833462074165;0.25819888974716076;
-0.5;-9.368692616400914E-17;-0.5000000000000001;1.5227111292790557E-16;9.137791434979392E-18;5.119276550791859E-17;0.4999999999999997;2.7151895234120774E-16;0.49999999999999983;
0.549783654924023;-0.29539774117341133;-0.21414104429810116;-0.050541214487621916;0.3861838251135433;-0.5468381475527517;0.3049271282382331;-0.1413272984277539;0.03071548238768845;
0.0;0.49999999999999994;1.4895204919483638E-16;-0.49999999999999994;0.49999999999999994;-1.1102230246251565E-16;3.360275143792826E-17;0.5;-5.551115123125783E-17;
0.10528585757803674;0.07820559819313659;-0.31285570099697924;-0.21398243235996037;0.006412588941018464;0.4752522924794748;0.3974738881311337;-0.2986006194941153;-0.6050437315500767;
-0.28867513459481314;5.535208109074143E-16;-0.28867513459481287;0.5773502691896256;0.5773502691896258;-5.555090884021958E-16;-0.2886751345948132;-4.0214824111786793E-16;-0.28867513459481225;
-0.2578092873239241;0.5275219313636124;0.37931927637807766;0.05429391524090192;0.0672160738132504;-0.39572988968799194;0.21541872879878776;-0.5404440899359617;-0.09390873974463393;
