-0.08801341798147655;0.004986647956326341;0.2373952166248391;-0.3378006378093202;0.4871824364526823;0.4154906214730489;-0.2164590993596229;-0.48071792617854187;0.36584089800298497;
0.13229680024789497;0.6920558878616719;-0.4060522748847129;-0.44990382575414983;0.17614835111733204;-0.22731826692242801;-0.18989983265791888;0.10231691521796676;-0.08385564197889955;
-0.505418532359475;-0.36003873430980093;-0.14791192540719472;-0.3684359788875397;-0.28489447887912966;-0.28833409818625144;-0.42558298530915545;-0.2449693937200707;-0.22774747245751364;
0.4776051279891803;-0.09535043782499517;-0.4681492984653198;0.28836718766183767;-0.2789113581379759;-0.005634401790472186;-0.31831748025092893;-0.4170102902033994;0.32777330977479124;
0.5000000000000003;-5.421772977013092E-16;0.4999999999999996;3.489422263596555E-16;-4.79808718275952E-16;-6.942375341669342E-17;-0.5000000000000004;-4.674712201780501E-16;-0.4999999999999998;
-0.22733801341404217;0.2156633324514488;-0.11827521357706311;0.045731315810958156;-0.3913445428020626;0.7430014444188687;-0.299092975844621;0.29816763027630594;-0.04652025114648377;
0.12079920624272905;-0.02771124556979233;-0.26633979206949404;-0.127458472311967;-0.018082113514798666;0.33249124838084504;0.4580506952218566;-0.4609195424433854;-0.6035912810486217;
0.2886751345948133;3.4435768452087937E-16;0.28867513459481275;-0.5773502691896263;-0.5773502691896265;1.7018074944050967E-16;0.28867513459481287;5.825533052346413E-16;0.2886751345948129;
0.3026355726945684;-0.5788225972836905;-0.3456358105487729;-0.3360152116576617;0.29301497380345826;0.17298576147339612;-0.045124664173945006;0.47242266876704037;0.002124426319740169;
