0.8304196323663137;-0.027768436479763875;0.18454104751184747;-0.05564266933777844;0.045450567394751715;0.19144324314275407;-0.017993567116972347;0.035075094299440425;0.08225590811775953;0.03440924783151778;-0.026959570411332356;-0.017344437003331627;-0.33054940290353363;0.005721683352563062;-0.019433020497346302;-0.01656782592463203;0.024866883227361154;-0.21729015313675495;-0.048387224285579074;0.03299692297617945;0.15778307592322463;-0.007132482693563879;-0.06937406115870783;0.072494024732435;-0.03520206488714408;-0.09482859031067718;-0.0398647110590581;0.11638630427316743;-0.03656146100171507;0.017421861358370566;
0.29915685260721325;0.031214517917267964;0.1518843879405843;-0.07751383387772547;-0.12166757185095312;-0.14097182888917048;-0.016385892558340057;-0.09177114323446461;-0.013544364348024938;-0.08963406043777174;0.03119358932085967;-0.03500123852522095;0.39041104744526156;-0.21077274379138944;-0.07760333328485093;-0.1669744891063453;-0.03831316511088404;0.5717125662074234;0.24542327964128666;-0.014346904500067242;-0.1455079998917459;-0.10285036300572545;0.017760731451159632;0.32342488311462814;0.02830620304333781;-0.03625067763193363;-0.07994305306946972;0.18599545949729065;0.025480534590530558;-0.1635276031695841;
-0.1497352593952587;-0.08183751286159494;0.0905637426869468;0.08208233211585193;-0.06473761220941752;0.1270722756679337;-0.03718070610622726;-0.17097028738641215;-0.013388204316029632;-0.048963860169412295;0.0699105875419587;0.09978851610729131;-0.5243865902183165;-0.11583441345785206;-0.07810589831575135;-0.23489515143818235;-0.007371904493328789;0.11440817709215363;0.4811131261122631;-2.527440504176159E-4;-0.24187686741317044;0.24747214900672948;0.1252912725896957;-0.22033687329921323;-0.23147636607007782;-0.0925800559001876;0.04988258138619819;0.17119200283110816;-0.05876712418929976;-0.10902507403186582;
-0.12161317252569562;-0.01633290069783274;0.3612294533621239;0.021274188772552303;0.03189508371929107;0.14933487611469753;-0.10397597723992297;-0.10921340485228105;-0.10237435165595989;0.032204378547009666;0.024689467265958515;-0.3299839786512997;-0.016660152800708743;-0.19527331989794375;-0.037947931031469324;0.12352610276299651;0.037901983712647844;-0.2137091832520337;0.20659627681797538;0.03634810513427239;0.08573164527042212;0.06316555278257459;0.09984643365373838;0.45577245014445056;-0.1297507666664056;0.11964041906008911;0.09045237380245852;-0.5051512117400443;0.004407307920982151;-0.13094226226449496;
0.10241402581406701;0.03459343091036539;-0.5974103305564359;-0.007017168484241598;0.0668658994039334;0.06125884539907626;0.2474030522181791;0.22385692066224605;0.017531336388817067;0.010983845476766977;0.012753917208025392;0.14625675920306327;0.03405025821253857;0.08251494456033642;-0.30474516469824786;-0.05461931130900838;0.003267944970445379;-0.09622110158520812;0.33675339978249474;-0.027990842370066656;0.06546144096927659;-0.1759779399890691;-0.05873819290660658;0.2130995051712879;-0.2464540530637494;-0.04263178369302648;0.2329914439336436;-0.1684463592169237;0.09116579373305286;-0.15786616951234364;
0.1451838606152402;-0.023735384397211946;-0.0957745487885205;-0.006847303756464358;-0.19896449946444195;0.1176622693969185;-0.07676152771046854;-0.03209458339198565;0.06207849815812784;-0.1384827491458019;0.32490645161197573;-0.009288639200953741;-0.13920657584285775;0.008565339615326519;0.2009689718329287;-0.07027147553898669;-0.11010859542412195;0.44224185677499;-0.14182266690372214;0.047616986632116956;0.13377146065176285;-0.10395821097336091;-0.06318140655312388;-0.2728603045554482;0.012762907008489975;-0.053155985299168935;0.21971534448140267;-0.5700720030570426;-0.036593236414963884;0.022601343409627883;
0.026072078323891593;-0.12232786111499602;-0.3814104566628845;0.015145843025133613;0.06323868590295968;-0.013543543340914016;0.004373597098721923;-0.522587751461782;-0.14906277783063696;-0.11609826783217832;-0.09984564089904709;-0.056460614680838135;-0.28441429345184227;-0.07958131639930344;0.05903460121372558;0.16137931088771212;-0.027533240519729836;0.10659291268293591;-0.2993078291799835;-0.1213152298351759;-0.19832769848855428;0.012262088301418879;-0.19789779987741918;0.3377949639949303;0.006053743155736845;0.20295414549675306;0.07850755573348021;0.08994938820740848;-0.17357029467863408;-0.03099576317305634;
0.05356739076589451;-0.03782376394536973;-0.10508983605711233;-0.07893434296614105;-0.10742881044060894;0.07521315664971877;-0.17263280639809356;-0.4586433880848749;-0.06046016813678577;-0.054363334891858656;0.3412448962032567;0.21283809864075728;0.22282536141102324;-0.02741892005889591;-0.08202796435237412;-0.11600609504489905;0.08981226532858169;-0.39704564267324455;0.22077079404245437;-0.04203688315291156;-0.07676513112109214;-0.27501312923125004;0.04261466856465435;-0.08858802346284028;0.26455279338434146;-0.11834474806975011;-0.20899472627934762;-0.09929463513767303;-0.1368011082255323;0.13590436441874607;
0.10028017984793725;-0.017630961096504957;-0.0869453747193697;5.009854771676367E-5;-0.06082679727709433;-0.19881136053335927;0.02776920459460842;0.0064305771530506015;0.08274708375858478;0.0804989591282429;-0.31928740767189395;-0.36909760956078097;-0.10574109904809552;0.026349873517682157;0.2590554589250139;0.24020790792390276;0.07163479685501782;0.005517438489281945;0.29512080199299506;-0.2524400626384514;-0.19043648629390145;-0.4203374242593433;0.018882576086880556;-0.27663450828355446;-0.08026548726730383;0.039299862834228844;-0.27056824067588875;-0.13543533505718133;-0.005228825932425037;-0.06681418877921697;
0.08871536462753284;-0.038161918561276195;0.18822330133528892;-0.04936260215228629;0.32683159447755794;-0.29002037165998634;-0.003919189785899241;-0.34495352343425656;0.00752771800600674;-0.04931700670841838;-0.20579128303705296;0.2048158373977429;0.13965084257294957;-0.09938259969938143;-0.268741730215483;0.3078724639439978;-0.07906799388069768;0.03143752368148676;-0.038897844884647606;0.21137108083772724;0.04007802954434763;-0.10262407070648914;0.06858192537979921;-0.28920789862426793;-0.29579356883232766;-0.17118164638997121;0.28127033198643064;-0.09270557271591713;0.012168928240343822;0.03359246855540735;
-0.092956345749885;-0.03140131692999906;0.078170480305475;0.036742837753502296;0.12711303729968712;0.10387557801517693;0.3638216078833396;0.0487470785903621;-0.015487320747032279;-0.10961869111502122;-0.16932089196064162;-0.06542096658446347;-0.20927759302275267;-0.057804569510445394;-0.5189559525803923;-0.033389471145050385;0.004011096549673362;0.19540410384368406;-0.12220944099062113;-0.09972423442353483;0.0071000223722280185;-0.06379884246368923;0.09746396167814955;0.01947803945836926;0.346591182503755;-0.25441213542090885;-0.3302135279488113;-0.22502496805000632;-0.15113921992224352;0.11831490319956706;
0.07333085629466744;0.0313680341910444;-0.10646209618398467;-0.10403775119882655;0.09840606826977528;0.38492078100630434;0.06772985985071935;-0.16547392116478324;0.013217131599937537;0.05337611423498423;-0.3327568123957603;-0.3620699295577241;0.31798873755424445;0.05767638527725759;0.0942484591155901;-0.27478224356410275;-0.12274832820557359;-0.05321525114359549;0.029992756514558502;-0.11486289119330594;-0.19006464874539344;0.22857731460573225;0.02727975069233695;-0.14318907411230644;0.07848797535658406;-0.22787782901546583;0.32984650477496397;-0.01992692605796479;-0.01048559126835399;0.1974362283081231;
-0.08194143642032609;-0.00844300559028252;0.029760610212809353;0.0731523969335335;0.3964506725579702;0.09153952452714735;-0.16379381565074103;-0.06507890641441848;-0.047270334321538376;-0.037669786665034566;0.1649576631104359;-0.12846343028391688;0.02787139936939146;0.13391516805956435;0.008314624923644303;-0.3899060548941683;0.1284868730947461;0.024424770355624927;-0.32169504780662933;-0.16446326477392262;-0.03329321141810267;-0.2190869585308143;-0.0041130569489592796;0.014025103104938154;-0.433769669009471;-0.20009327187865908;-0.26385110129088407;-6.662210527759679E-4;0.19515308681323643;-0.19831598825774266;
-0.11618173302572059;-0.06866766669366849;-0.1331287503380023;0.030194061600799342;-0.08202884165960626;-0.31404597580312654;-0.03242022576659384;-0.1112776723460657;-0.11748196795374172;0.07742055225361771;-0.1804408692143617;-0.20231032649745917;-0.14241476741063666;-0.11581739796798385;0.1473871214279349;-0.3613992346996406;-0.02902372008712976;-0.029605415831642702;0.04279592561041484;0.20460904898016452;0.5794788338664981;-0.18030340563627276;0.15092648453846916;0.08909532127431302;0.07683196411050097;-0.22989545962599833;0.10266951710999357;0.1409920681681366;-0.1772387135107915;0.005140204782064448;
-0.04119661647310756;-0.0021607963201789007;-0.04190953493638728;-0.05669715150623679;0.04557876252958565;0.4383781798882565;0.15489115276480614;-0.16741843164357964;-0.008297159829882954;-0.06204829573749662;-0.3148980711113987;0.24408435895157118;0.15973914721936022;-0.15466203897896588;0.16564108277393397;-0.003846140081962226;0.20728843953620352;0.08900620588128783;0.05857919039655239;0.17328492582394261;0.34063569978739944;0.059578764859066394;-0.11837991842203333;-0.18742481496470365;-0.02357512536696916;0.2418184916533892;-0.2735406410872633;-0.030962722413112282;-0.02625712167739322;-0.34486242511037657;
0.046957728616873695;-0.01047392479912826;0.03769537826340755;-0.06701423776399565;-0.17361505862539323;-0.18151642720375927;0.43749140126282016;-0.1348051408985919;-0.008080530736082423;-0.5450145122806436;0.2263413727112549;-0.25718025854915355;0.10131234992660329;0.24059877150565448;0.05966713553545779;0.11972345183242813;0.15763640776955465;-0.14585729676459847;-0.004128406287594398;-0.07856080883140978;0.12744313050110406;0.25966702368150174;0.08516042636314755;-0.07008858173951028;-0.10169377659165749;-0.11539001447193395;-0.002052943462039286;0.08582119191265282;9.908302817488253E-4;-0.19853213395571065;
0.019462463989499437;0.00354042747571427;-0.08174324138840149;-0.1345594761610329;-0.08433726753141435;-0.032440181661390954;-0.33035917840874324;-9.357773719443119E-4;-0.003227882825599307;0.2871567402601043;-0.0741499320929875;0.04821437199537284;0.012007455812336663;0.34628171076760816;-0.0901726516352123;0.18513637244916495;0.1940514962447905;0.07988590501418044;-0.06852380872682844;-0.04035441436635311;-0.046872271087481515;0.2117813362486035;0.14299129714068157;0.025393087867376825;0.1636894656009472;-0.3309114705946162;0.03491303322757081;-0.07409923211500237;-0.25476703649668214;-0.5275882209810052;
-0.031427668085964935;0.020822067227037062;0.1931237222766794;-0.28703262899110116;0.2688508392616885;-0.09525628750217663;0.0888219338799446;0.07793424336488348;0.05404993159894314;-0.06624212327430876;0.03468566493520343;-0.06819554939003679;-0.024546216232871024;0.3520192945785358;-0.044907710027952026;-0.2851149485559632;-0.02166848853917137;-0.00821201288950967;0.08452693292697996;0.19813323668065394;-0.13442167957118112;-0.1743616565331098;-0.16202605378518944;-0.03802815828645739;0.051122904827598646;0.4004629377919079;0.12124300024534657;-0.02470304691355051;-0.5048963176787108;-0.07914121448776154;
0.02735436347437511;0.03130603987837278;-0.14781654395870336;-0.15283489474433515;0.24275283264442954;-0.20655259754317737;-0.2320238437458465;0.011075231865399993;0.14470235433543313;0.070095289790377;0.16299567968675535;-0.1902663213496597;0.06530677414926017;-0.2343019091325932;-0.20416761196434238;0.0077524196067648415;0.0018587314526512604;0.04927206193301491;0.1482951606838619;-0.36351041955749597;0.3192658143341901;0.3926850349589575;-0.3279444132876049;-0.16991992600517591;-0.02041701677036272;0.11737023278729387;-0.14107259622287735;-0.02454512576175792;-0.12739801283754296;0.08912424190853256;
0.026389564957863612;-0.10083302788223264;0.04682525908466056;0.2393380925373501;-0.19459229176062437;0.03064515556763769;-0.19895293399007075;-0.21948130756889317;-0.15565589824646336;0.005913327496309469;-0.1463210022676921;-0.12150599282294153;0.00732331300688906;0.585990639328055;-0.3041502556540717;-0.01455542931217482;-0.13582714094145112;0.12517733158350577;0.15477233434769472;0.09486112241029843;0.20118949362109376;0.036718458369408166;-0.1915043929516938;-0.021239443322389282;-0.003822865717018224;0.19513455862546247;-0.11663821338135132;0.0032644110456390377;0.2979547215007786;0.14142119001328599;
-7.647017086243603E-4;0.03370054839817619;-0.09818901451438548;-0.26506654525848367;0.1256006217018736;0.19180869759352281;-0.12672300750310334;0.04764093989841628;-0.10057405224929446;-0.13363429236604443;0.0063245282663979595;0.11892099583083232;0.015206129649263364;0.1993007161005736;0.12929235972625866;0.20404048862030727;-0.27996468101018634;0.14998113113334352;0.08822196833766588;-0.15841460895715817;0.19337555335210727;0.0235964249631996;0.5404055104775368;0.1338595034571884;-0.23124668487474853;0.06382380902266216;-0.19270062943796015;0.06314088895431313;-0.2148061076223178;0.28485195264232666;
0.08078121745749724;-0.01218507759309306;-0.11974958213275072;0.35463613969549623;0.5004941794495547;-0.02859483932345242;-0.20720216538772823;0.02426415705814325;0.2162032242753483;-0.3252853754676125;0.020528702654899773;-0.03603454415763228;-0.04175917018619208;0.03718105860237455;0.12465932166972692;0.03352859296719739;0.023336356369054394;0.027403034254851626;0.1639405872042356;0.07254101015900485;0.011242260847745066;0.026785345425205425;0.26401329103011995;0.010829709938929661;0.44635454608406183;0.1123730475686767;0.10361231484490599;0.01507046490250514;0.1935631263709271;-0.14118471790301326;
0.14806882947240843;-0.05313123401178721;-0.008479932387412722;-0.03461952871532308;0.2017484959988504;-0.3519787648090116;0.18999217593555467;-0.03035530294869886;-0.29503364293426576;0.1307871206728053;-0.11035377063426667;0.2972174384329245;-0.023292380913201637;0.14246963390135228;0.33582885634483417;-0.2013459409815263;0.1174463550690598;0.019522126518694054;0.12157559496269496;0.023473802069243967;-0.1183978409094946;0.34537688470981825;-0.03850832881356023;0.12058133269281517;0.034963135293970764;-0.07310718442253979;-0.19358529555094853;-0.3539530568362321;0.12443993745140935;0.17292155894922875;
0.07366143357856855;-0.18219025019059845;0.13715187991684358;0.08975660801189544;-0.10277132819204005;-0.1044035155220527;0.2229749137195421;-0.17345201475737776;0.17639818843471294;0.2804896945571585;-0.01494312632940045;0.1767832125757227;0.030414401285428345;0.030968744720589983;-0.082283385307626;-0.22103759082633656;-0.06326030882205093;-0.04071694620092107;-0.1394116269547477;-0.5094982099755389;0.11765439654371103;-0.020267864380082868;0.3589979612821957;-0.06188265700401194;0.04972689708305463;0.36022534787013466;0.1873997518978653;-0.05091312957818181;0.08478716347289915;-0.1602774293797623;
0.02563555656538349;0.19331274030812468;0.14807515276602498;0.09940449687000304;0.11721057736966778;0.059530391580364;0.020999764577634996;0.12175475575893754;-0.6932395191745185;-0.07111716791378393;0.04588375123288303;0.06969339189131689;-0.011927074987029239;-0.04272121214784032;0.04998161790966114;0.07539589694870576;-0.2921384623226085;-0.046958963163488035;0.06874209635956562;-0.32367224789086385;0.08238558906008812;-0.12875480797164734;-0.1662599184611426;-0.15199576248323798;0.16739183049722164;-0.04688011112118164;0.16330091815375733;0.08467117340022949;-0.02922086868657041;-0.24250641202992182;
0.08357346694035411;-0.12230847150494185;-0.13241823844923478;-0.28247822957151764;0.10887967071871756;0.05595491430371122;0.07285649765639399;0.01422673867163259;-0.398139824520549;0.2502860346089939;0.24018971903805597;-0.27562904349559425;-0.0478620233358437;-0.08603716241208255;-0.14529709144633135;0.07611299820748695;0.39042357413584766;0.13292300058737616;-0.029879284928688906;0.20702086147641718;-0.02438547032150984;-0.019889773905898567;0.27390219610881905;-0.19084968604346986;0.0987603544142883;0.2266092790245111;0.0753225363588537;0.11094156519860324;0.24050710919519372;0.07481010188558081;
6.52850417651172E-4;0.2464500059474201;0.06639340981438911;-0.06201349409863299;-0.16218850700092582;-0.039763238258877134;-0.287035066558283;0.10446242755392264;-0.09868571942283413;-0.36714415444786525;-0.3026464125439373;0.15797916171540083;-0.061340803111817034;-0.010837065779333849;-0.10302277849334276;-0.13017875005000307;0.5723866849216179;0.0240952080755085;-0.04033792028943344;-0.2614554723919391;0.022742793389170984;-0.06908729916871784;0.03330185116103002;0.023696705751238372;-0.03627531903401527;0.08617948046633565;0.2300484327083296;-0.053105639839146845;-0.00952502681761026;0.2180919259912556;
-0.1107488369037524;-0.4943951257504907;0.04324782779324324;-0.5849265959997753;-0.029665064043815064;-0.025875268291360186;-0.15386657736975903;0.10810237625254264;0.04105968047076362;-0.250253439233982;-0.1469605803558019;0.07935632892681092;-0.10745704278273845;-0.039947924066743606;2.67994048187956E-4;-0.054556110500911616;-0.20339751293552905;-0.09190400005715768;-0.0016041826495983404;-0.06824905341943978;-0.010733821659436212;-0.059970097157903655;-0.11031674593465306;0.03846681497995728;0.15116685510410016;-0.06838500616152451;0.02471685720034648;-0.020336628848458053;0.3674842204218806;-0.1364758646516542;
0.021483478570542586;0.7096969287651075;-0.09369051949064382;-0.2884061300832038;-0.08373939924854062;-0.1273659148466605;-0.027018737941664695;-0.16781822138180502;0.07255586613877696;-0.008509024784044568;-0.06530569208773444;-0.046885230604426995;-0.1670501689051409;-0.04692119101303065;-0.09411791018211767;-0.13387572033375142;-0.264036206480268;-0.09652679902000838;-0.10096049418659948;0.13339664900492818;-0.06045122096153438;0.06484530789643958;0.13709097554964206;-0.03954360649590038;0.06618051063605784;0.12273342893883611;-0.12870914002090791;-0.08577941370800775;0.2789230165761142;-0.1633849681162573;
-0.1883227988324504;0.2333250770434355;0.1843286641149917;-0.20812286013545864;0.17980472605235656;0.12488629086958805;0.20369036513076286;-0.22127197254153755;0.22351876507782942;0.20759345551528077;0.1483635518671124;0.07550098327864876;-0.15932183799854072;0.2049836597359247;0.1817678888863937;0.17487912008562587;0.18450605085525434;0.18048207876839412;0.18471028725887684;-0.17389847340111636;0.19421880781773948;-0.1738999809580677;-0.208940688175621;0.17852200265402132;0.1373831743125249;-0.20133825437502334;0.17740716847843394;0.14499429951362028;0.19996283165931078;0.1275782855567664;
