0.15132361948312673;0.22731775834808363;0.17255689720326772;0.07945970216717478;0.23117182662147093;0.2525056907994871;0.1720930230434692;0.320649069982348;0.2691439215763972;0.09122930269723431;0.16594956886217013;0.15830304564814177;0.23468607768430363;0.0828972244378054;-0.14626091089764584;0.2229889218747964;0.1373244057120565;0.04458675990481447;0.05491739243415751;0.2500053320373738;0.1011651907833734;0.23938243493471043;0.13184798920335536;0.18320845330651755;-0.1315668414705277;0.13321492417930186;0.09294850798566107;-0.2153056481052337;0.24191043171248583;0.14091041347527855;
0.2072224673877176;-0.2969733578181425;0.001378908595125531;-0.11087418851189358;-0.16209829613699564;0.06824208481459813;-0.33296721622358105;0.17366795940757454;0.07958536825299109;-0.14856768527158096;0.09339336167343955;0.3138297016764048;0.08241843292069648;0.040408875771846015;0.006865550203831066;0.30061024860812763;0.19916833457804128;0.05916255677759384;-0.03396161819800905;-0.1557150449657831;0.12515241140984854;-0.21044400545620914;-0.19743112837111204;-0.059940803722536795;0.050443392653170174;-0.3067759746698577;-0.2649053755955379;0.050486701069836874;0.12439403342631107;0.3069347913211381;
0.14773180444173922;0.20306306169768826;0.07809978627991652;-0.005965684594994071;7.16219176833862E-5;-0.26899411940243123;-0.055641790856120005;0.11001185633891647;-0.16658515756531844;-0.14635893163719416;-0.08765177092322315;0.13679964395439473;0.36770878603810125;-0.1739561599882683;-0.20918782586491663;0.022378302949453303;-0.1138031183860242;0.11047853823966484;0.1723425618183645;-0.3605399497054396;-0.05663540580699872;0.379340266792952;0.1890730507822926;-0.18629687892714425;0.31536043048303275;0.06830699447164935;0.004779621084288762;0.2162076355768437;-0.03944346661667213;0.05565859356757948;
0.16640924618989558;-0.042063563551015;0.16465434471932489;-0.3404010688514364;-0.42088277882721153;-0.10903534018024197;-0.006070232586360366;0.05446090658153426;0.2557457312468186;0.03021805562580526;-0.3911589376034279;-0.08417959509796565;0.21593906374536995;-0.12601042277906832;0.025246343834106635;-0.315200682677638;-0.06031288612923825;0.05178826476533981;0.09265864630534533;0.1079963841292463;-0.0896279283106228;-0.048545767474740015;0.03662710158355704;0.10524590913398242;-0.01643465118425609;-0.11581333068886485;0.007333504620401202;-0.29444329371022293;0.2852060204010396;-0.12434062279984413;
0.16044900584078417;-0.02473574699208991;-0.4054263985541822;-0.04988192264868964;-0.20136904759838226;-0.23471150627577536;0.1489425360333026;0.3994311403053342;0.10139185834117433;0.08825584600408302;-0.0017065235998299554;0.13892229332936684;-0.04383450656138261;0.10996432330048357;0.17318306772493802;0.025761708281716634;0.013897302064763183;-0.004816210157509869;0.06956711274842227;0.27855494320460905;0.15307189078260833;-0.056792689624870746;0.2277699848458879;-0.3392957101654281;0.02047069855573189;0.07118774464261825;0.04107584582341023;-0.0725081548807199;-0.3973131726763378;-0.027945036270257885;
0.13822827055866554;0.31015320452161166;-0.058774881122029866;0.02592964360187773;-0.0448473360890429;0.13630041422640235;-0.21975484067596565;-0.05026848170206557;0.16506276511314125;0.2949304962927189;0.004796338064401978;-0.1570144961923695;0.04548578453141585;-0.008628879227371553;-0.23062550277990418;-0.06687845881670074;-0.2075979607487273;0.17671506345966764;-0.14877219157253765;0.18479073781471117;0.0016823664775023318;0.08170071297744497;-0.3560149672453918;-0.365855950323453;-0.12065850999799631;0.09417341801890393;-0.40600803057151663;0.14676343716274715;-0.020310580539663944;-0.0484740614976394;
-0.23548721041687234;0.06891890680214866;0.03267704204151289;-0.2733683410623372;-0.06938138399092214;-0.028930243199700622;-0.05809548338856275;-0.017449552074639513;-0.21473372892175951;0.25168126511383915;-0.3781598689540122;0.14769590454725437;-0.010770514978218227;-0.14397346163370184;-0.17828465191502832;0.3174386295775506;0.1307708869299676;-0.031560732889830787;0.01578682932026952;-0.013557124346901598;0.3866510447664792;0.09585580597117395;0.03938350793068272;0.13058962736290416;-0.40080038404917145;-0.047927866126407384;0.03528342368210324;0.1659430562197054;-0.12751885123211723;-0.1522965650771468;
0.029845005402489504;0.24665363734812534;-0.28407483874199174;-0.07929567507905295;0.02975837811187712;-0.23173179523131335;0.19192715218054412;-0.19344522247392074;0.19133135496767026;-0.04735205394856534;-0.2201396374872059;0.09084247156729118;-0.24983682157416937;0.03396068398050454;-0.35026288332970035;0.17831385929030114;0.3427002668709542;0.22798459048500258;-0.23738672629985044;-0.06593959258354441;-0.1648180062558521;-0.11303233172102103;-0.14594680202480462;0.07691952234502215;0.2596618772265561;0.058175343283490284;0.10860695118759348;-0.14685846090965504;0.04405692828692213;0.07372525981156652;
-0.1425408325493893;0.128900479042096;0.12956302738418948;0.055933591727901404;-0.1302021000815976;-0.14097412102673174;-0.21519901024362137;-0.09995183360969134;0.03859588243669169;0.1239145317560166;-0.025248452811099577;0.25809044870334713;0.242521599489287;0.39247612458384495;0.20879706697844508;-0.145308881148483;0.46072575672923133;-0.26148251212129275;0.054456810575213205;0.09186862108257925;-0.22292720345887332;0.09175670998291173;-0.16935134696545678;0.07519516529800871;0.054272798115999575;0.23060506502929573;-0.05860962063754083;0.1517556494683528;-0.09441351707187093;-0.11120644801640076;
-0.36442919983124045;0.09959643651087048;0.023043842257929343;-0.16091495597749356;0.18724470967513662;0.1429357854359165;0.10350842073818471;0.14540807032759656;0.20269428181809082;-0.2023593070063849;-0.06156011276060639;-0.04192036984385548;-0.03264161460963421;-0.03439520663803651;0.0020025380206266817;0.1332528670672091;0.05475100805915052;-0.3511931683784394;-0.012011176333277383;-0.02907853912813224;-0.0028721825387191063;0.14105584710541394;0.02010926314684704;-0.20250487166235973;0.28165774637019136;-0.2935817893270284;-0.3569793407055683;-0.18710720941525472;-0.024801412149036226;-0.34450966109440234;
0.008555854457630303;0.26327978956839726;-0.11326886243891186;-0.14748913199449545;0.14539349377025118;0.04729184276459745;0.33256110295369257;-0.23607995606343118;-0.059602787593134664;0.337520319353626;-0.011574668235852466;0.2344069237809957;0.1829686246195148;-0.16513208585923192;0.19840518587865316;0.011028410040051142;-0.10768409652485667;-0.22642282709786016;0.2107631050506797;-0.019199960882639467;-0.2219867979318344;-0.26219826530845836;-0.006249540704902833;-0.11099062232785885;-0.03892170341065743;-0.2574844181776706;-0.05028605513494564;0.054094361476528026;0.04795558522284194;0.346310795473938;
0.008191472284745458;0.07047646871738372;-0.028014298221537157;0.24764585979713097;0.042177975748855255;-0.17294658830838067;-0.07198375462718622;0.14418254697435043;0.054574533333135035;-0.03900609089448558;-0.1472609138113674;0.167782743434589;0.04163464915367582;-0.46537546389727213;0.26707703206458855;0.01994986647283817;-0.15380831735432157;-0.3182535938396133;-0.33932256605814387;-0.07749361874690675;0.17139175326053274;-0.009522870063441801;-0.31765890829893495;0.09795189429787202;0.02471262104458351;0.3065321542905327;0.018244835009717;-0.20569757067435512;0.020094492676794102;0.08452527346135422;
-0.34858515737758045;-0.12602976530751103;0.05597724670529319;-0.08494172998336214;-0.3590809067429989;0.16463984915235155;-0.02023047525018922;-0.07037313902407838;-0.09621067320641133;-0.06072250023865184;-0.022850655282834496;0.11884239956164144;-0.12614478809690924;0.03969788538620238;-0.21401130374507837;0.15352796857104872;-0.17968468991015688;-0.2182128642858387;-0.03032359425087845;0.22701739135909052;-0.08963856007092756;0.04110711351615412;0.10744395234332285;-0.32667075917390803;0.1384357429903305;0.32954722632003763;0.14608175544624133;0.007908744771463453;0.28159026062504494;0.29596583473495325;
-0.20429226285443075;-0.0084738545631278;-0.014515807169818741;0.0014741364661607506;-0.025760136596491536;-0.43263044083627006;0.08625442514004199;0.13958896358998574;-0.4045163626751762;0.17099047113316942;0.22709163375667127;0.043418400693927946;0.06198057738223146;0.2820270177756919;-0.2057331919125643;-0.13434175156072392;-0.17229294070752887;0.003793610955497794;-0.1493490589874923;0.05232376359151494;0.06935908725553502;0.10287078068768583;-0.11870790167154868;0.14797058594291349;-0.021097483155495214;-0.20077157520332575;-0.22445398932560412;-0.35783417799488865;0.11429495086455632;0.12155678313480281;
-0.18807951820439014;0.03512131326097859;-0.3118033327795248;0.4113470557309369;-0.05154215062282689;-0.11953511100291023;-0.19615960435411706;-0.06531777734176199;0.12044636214662975;0.028004991060207426;0.011391323964554013;-0.08024819437013218;0.03865883959617124;-0.09593996091849841;-0.18222335263652029;0.029586558958190668;0.06341399725078165;-0.04235498552787264;0.6128306063656825;-0.08807035456882312;0.15253368348313903;-0.21380105630433935;0.04607351129966025;0.034923100884570686;-0.05682112064706086;0.09702527565627657;-0.13118186491473147;-0.16247775323466737;0.21664308138251034;-0.07743704694475441;
0.049062860215924806;0.2344029726709691;-0.1323226678493941;-0.18928338137970122;-0.10207990894021284;-0.12290925840144884;-0.21470696477477189;0.056138533592343005;0.27651965126539463;0.16670664849592756;0.2225282222150885;-0.3127075124842588;-0.203247743361336;0.08245999759471889;-0.001824020192029747;-0.12593857033234268;0.06867804187301949;-0.3819753468768771;-0.14076540339695306;-0.3021916118869944;0.18180492649544372;0.13898897599751142;0.22200055635517266;0.07051712279800745;-0.045579925081503186;-0.09523191941533568;0.13076987199147586;0.1542985482513726;0.13427897197529998;0.24602873512578988;
0.08251037558170601;0.19446533016490247;0.05530792174314418;-0.10746715404238151;-0.031579007123219364;-0.024868147286531462;0.28139360117232487;-0.15296559629274667;-0.04372400093600478;-0.33773011945088177;-0.017802472554153067;-0.1877006517680556;0.26732510248329716;0.3425288733945511;0.05691057008662695;0.037386261084883556;-0.07029023683523705;-0.07793636092776594;0.05579595558326457;-0.024417965101508215;0.531835299990553;-0.22733243873612494;-0.28565243510878985;-0.12540220347029876;0.05911294029873644;0.08468128336136138;0.1369369133057867;0.08218236930780504;0.09211065916659827;-0.019801379292244556;
0.2211439594729101;-0.10106749110764152;-0.033347009687681485;-0.18095295450168025;0.19933351533648763;-0.11336370452980656;-0.03438038998355357;-0.16497336134766466;-0.08268529647729292;-0.20532680687886626;-0.26544042001126095;-0.2518123390589773;-0.1774120882198944;0.07514309471693117;0.1315188504732707;0.12230758712565394;0.025152410115732677;-0.12078848572337432;0.2645606544142062;0.18453180089727342;-0.03534027049440645;0.30660796340005997;-0.0188920325486347;0.11838385443612176;-0.06888827031647857;0.200374075704316;-0.357796970106122;-0.1194014418661084;-0.10947252937849404;0.38177031755033836;
-0.06488494101944506;0.08210627459463621;-0.41633870216534324;-0.4452832888832674;0.10997160263749456;0.1373306380824845;-0.2565466419595879;0.12420954739448632;-0.04355774000778754;-0.2572336861928636;0.20792744630727994;0.09907579906759222;0.1421971529724018;-0.017362017082368616;-0.11974953945379471;-0.04195160947489982;-0.21369618589154418;-0.058611835380733855;0.13636238410339493;0.022020748910482526;-0.23387094809135053;0.00964691378722443;-0.2698414657086392;0.20382949152888108;-0.1366609130111631;0.0989158942388203;0.23891745814594736;-0.056970198577949625;-0.10328332244510656;-0.1035004800611099;
0.0879270456101956;-0.04346808682330479;0.2037336393098941;-0.12069042260620544;0.0630373581203706;-0.039962393402464026;-0.19405393023290826;0.13918358782326323;-0.09502218171612437;0.44865567849126864;0.015914890319631177;-0.3014362309541401;-0.017787832214102784;0.02734736920761228;0.05161539705996324;0.38163077779615373;-0.09630160646084959;-0.03411255410394762;0.18210189468269006;0.05127637581271924;-0.033281888195791025;-0.15646198545504317;-0.17605341402914265;0.08999003605699873;0.4853869325526607;0.04951858360914241;0.21663327838716068;-0.09513826833411246;-0.09264532443846032;-0.08585635623117147;
0.31312339609558093;-0.2319301784900574;-0.23371892876290928;0.26607400791900565;0.11301909732509026;-0.040437745838363244;0.006450916058825878;0.0336246540369601;-0.08808205573741426;0.0013925223719010408;-0.2834659493497458;-0.12969070344699704;0.21956910789311357;0.17111914273731454;-0.26448558257569577;0.1554410013347542;-0.07295852160241141;-0.4275982885041285;-0.19482156358016742;0.12527304699913455;-0.21752817000552685;-0.014567240392289852;0.04360005668972131;-0.010233442364737479;-0.10477608227572481;-0.18897164916419143;0.1104173381455163;0.1690933970357986;0.1613818840316442;-0.16048724588032492;
-0.12897373607709345;-0.08238251576805922;-0.3357974043545619;-0.1059099985868716;0.3388508464043212;0.06750424421753257;-0.20334000698180166;-0.038060739771648575;-0.031444884201041134;0.16625965061894443;-0.2432094400949701;0.10987148750465346;0.0711430366457997;0.22097920382138922;0.3644321092975701;-0.05712324574214958;-0.11149099796599574;0.2814888664505985;-0.14616891915748476;-0.03264145665247179;0.15494090464719767;0.07736488485355585;0.18506815932012247;-0.04685632376030163;0.1764031255664281;0.09000221450346685;-0.01419068350463967;0.03828120131587307;0.4194443547736035;-0.05705554288940245;
-0.08202463989397392;0.07061378162290581;0.20430974545113273;0.07361631418563164;0.19749439640959343;-0.2098552536356812;-0.11331404420517388;0.09077398840932284;0.2878475376463799;-0.10348507597310536;-0.16996988729498777;0.2965288983224234;-0.26706666861932177;0.11381544290014525;-0.1419290166474284;-0.17073623156219817;-0.3581957928204092;-0.028777874638524315;0.14226833551588738;0.2912460584445025;0.10876486656071352;-0.10963054418827407;-0.029080843241116608;0.21816910761839278;0.1464440368741444;-0.18076513148750556;0.050437304380182214;0.3448347936173265;-0.05691031277666344;0.08796651348165253;
-0.10748654394029537;-0.28360783881946106;-0.13158156064875476;-0.14370171809603074;0.10346000226985591;-0.15258684922855742;0.21352482370883075;0.11212277664822295;-0.021419133550911074;0.05567136318572516;0.19913584050452318;-0.1734943078004646;0.1037928527803439;-0.38512390530011614;-0.062232646328333044;-0.18711052737132394;0.33261491184103875;0.020384372969253425;0.04144862088223443;0.32323545717181823;0.10729923513780143;0.09592892285807583;-0.19580999004480096;0.028733148812970965;0.16321965492494186;0.016426127986737052;-0.028321302372507608;0.39298761306741065;0.2162467954284494;0.023742367760596596;
0.044557699728909134;0.2815672825896923;0.013798492992506255;-0.09719627166738755;-0.09604545551069865;-0.0021587267706722167;0.02292724561121773;0.22867065859017952;-0.21723558728523512;-0.1372485117053781;0.049564338358126674;-0.09388883235137942;-0.001822384244543934;-0.04343139522875637;0.025410288620204027;0.10800921642019762;-0.022368658135795055;-0.008513115254207325;-0.14669503510640697;0.07048874605847731;-0.1304121322417643;-0.4435483204140102;0.3317638992968766;0.29685742832198914;0.04336131476161471;0.2650916864067696;-0.4075466982263378;0.23179496015574813;0.11963689902151091;-0.10131724410259627;
-0.4121616636406284;0.14394451821518373;-0.0206038408387764;0.15911707938768999;-0.07904019377811124;-0.17013893430899718;-0.12280317087979098;0.07349687949498057;0.1516454629241829;-0.17745531996149252;-0.08966535381425107;-0.3529177371392741;0.312123051334323;-0.024672652683724927;0.21748160365283878;0.26693360360292023;-0.02057761886523905;0.24621465893750116;-0.12902017605711277;0.17333819907915335;-0.18650698390921985;0.0031069259048665137;0.017819469350441333;0.01163434432697795;-0.13652270575126604;-0.23820360306584562;0.12964991968080586;0.07166810183197485;-0.10403530893078294;0.2705384922148664;
-0.0604881305275609;-0.14099362354252357;0.14300944287877734;-0.09783077472157786;0.08305850142271641;-0.31157144694260686;0.2513869666257139;0.2652891653522058;0.19121614465320178;0.03636898148572825;0.021762589760922598;-0.006835300396391228;-0.19715750871507662;0.13569095952794383;0.1290080851912143;0.20829746718524406;-0.1156874875051887;0.06293684897784324;0.13544986687827454;-0.3146262730785229;-0.27224578832932833;-0.0010851227258676713;-0.21066775756225092;-0.180046445085212;-0.34611672839732616;0.18973705546112798;-0.01674247256612747;0.15692802297575695;0.25927417099472855;-0.14016126759117623;
0.012381747666921484;-0.19531067075112768;0.18233083489022314;-0.21292536511649038;0.300213998324868;-0.35700404134126695;-0.18491049233635634;-0.37099357529109067;0.23253364386483388;-0.00875948718302994;0.24902010398749935;0.049079260561266935;0.23582710815859825;-0.09790450560127704;-0.13580845927487564;0.09561516871655176;-0.030149662582281692;-0.044294692836510094;-0.15609540247738002;0.10867419242118484;0.047656290279569524;-0.2204100072277963;0.2863982085664704;-0.17845629764553286;-0.11594179992114031;0.16311882078460513;-0.025750678600163418;-0.14440265395295293;-0.08995408722134945;-0.09449626700760523;
0.018050568310345794;0.20043412990183734;0.19656731792822454;-0.02812781286972279;0.3290737268170661;-0.02372468284403203;-0.25585137095204513;0.29325516793357265;-0.3041207744522749;-0.11316088269894647;-0.17533556706778877;-0.08440495748656839;-0.14462855628177076;-0.054019588017114775;-0.0651571570760498;-0.2646206877066057;0.3056130366167533;-0.023149488899934165;0.04280826754170719;0.06388867660845657;-0.04758927540162581;-0.2442663127435856;-0.009240005796407783;-0.39131896257715176;-0.1424187717939538;-0.05263651819249651;0.19726620673051673;-0.1382006192360115;0.09740371876220653;0.11376331081997322;
-0.22920791230138698;-0.28447021520929;-0.002540938500840219;-0.035600679573768355;0.14960537688614522;0.20378296243407093;0.1354776208905793;0.22833094006934246;0.17265883488063785;0.15491700525230181;-0.2398642066990893;-0.12547357275924648;0.24585200795240758;0.13529412606812927;-0.26322304667385493;-0.25257436256443244;-0.0017873412321811053;-0.008429559337691595;-0.062016459174471274;-0.3042901429274426;0.015019600937634704;-0.20774916029162957;0.0043981068658219095;0.07730729114576013;0.036363985751047476;0.23391543758344713;-0.11179027442455737;1.3498419971581205E-4;-0.3089398529893266;0.2864923442581663;
